2.4427734375 2.4322998046874997 2.4443847656249997 2.4363281249999997 2.437939453125 2.4049072265625 2.4427734375 2.4363281249999997 2.4363281249999997 2.4298828125 2.4427734375 2.418603515625 2.4363281249999997 2.4298828125 2.4427734375 2.32998046875 
2.4419677734375 2.43109130859375 2.4435791015625 2.4387451171875 2.437939453125 2.4049072265625 2.4427734375 2.4363281249999997 2.4355224609375 2.4306884765625 2.44398193359375 2.4210205078125 2.4363281249999997 2.4298828125 2.4427734375 2.32998046875 
2.442236328125 2.4312255859375 2.443310546875 2.4400878906249996 2.437939453125 2.4043701171875 2.4427734375 2.435791015625 2.435791015625 2.4304199218749996 2.4435791015625 2.4202148437499997 2.4363281249999997 2.4298828125 2.4427734375 2.32998046875 
2.44317626953125 2.431494140625 2.4435791015625 2.440557861328125 2.4383422851562497 2.4041015624999997 2.4427734375 2.4353210449218747 2.43592529296875 2.4302856445312497 2.4433776855468747 2.41981201171875 2.4363281249999997 2.4298828125 2.4427734375 2.32998046875 
2.44341796875 2.432138671875 2.4432568359375 2.4408398437499996 2.4382617187499998 2.4039404296875 2.4427734375 2.4352001953125 2.436005859375 2.4302050781249998 2.4432568359375 2.4195703125 2.4363281249999997 2.4298828125 2.4427734375 2.3296582031249997 
2.443310546875 2.43216552734375 2.44290771484375 2.44075927734375 2.4384765624999996 2.4038330078124996 2.4427734375 2.43511962890625 2.4360595703124996 2.4301513671875 2.44317626953125 2.4194091796875 2.4363281249999997 2.4298828125 2.4427734375 2.3297119140624996 
2.4432338169642853 2.432184709821428 2.4428885323660716 2.4410470145089285 2.4383998325892855 2.4037562779017856 2.4427734375 2.4350620814732142 2.436097935267857 2.430113002232143 2.4431187220982142 2.4192940848214284 2.4363281249999997 2.4298828125 2.4427734375 2.329750279017857 
2.4432769775390626 2.4321990966796876 2.4432769775390626 2.4408599853515622 2.4382415771484376 2.40369873046875 2.4427734375 2.434918212890625 2.436126708984375 2.4298828125 2.4430755615234374 2.4192077636718747 2.4363281249999997 2.4298828125 2.4427734375 2.3295776367187497 
2.443310546875 2.432478841145833 2.443221028645833 2.441072591145833 2.4382080078125 2.4036539713541663 2.4427734375 2.434895833333333 2.436149088541667 2.4298828125 2.4430419921875 2.419140625 2.4363281249999997 2.4298828125 2.4427734375 2.3296223958333333 
2.443095703125 2.43254150390625 2.44317626953125 2.4410009765625 2.43818115234375 2.4036181640625 2.4427734375 2.4348779296874996 2.4361669921875 2.4298828125 2.44301513671875 2.4190869140625 2.4363281249999997 2.4298828125 2.4427734375 2.3296582031249997 
2.4433593749999996 2.43251953125 2.4434326171875 2.441162109375 2.4381591796875 2.4035888671875 2.4427734375 2.4347900390625 2.436181640625 2.4298828125 2.4429931640625 2.41904296875 2.4363281249999997 2.4298828125 2.4427734375 2.3296875 
2.443310546875 2.432501220703125 2.44344482421875 2.441162109375 2.438140869140625 2.40369873046875 2.4427734375 2.434783935546875 2.43619384765625 2.4298828125 2.442974853515625 2.41900634765625 2.4363281249999997 2.4298828125 2.4427734375 2.3297119140624996 
2.4433312049278846 2.432671649639423 2.4434551532451922 2.4412240835336534 2.4381253756009613 2.403667743389423 2.4427734375 2.4347787710336535 2.436204176682692 2.4298828125 2.442959359975961 2.418913386418269 2.4363281249999997 2.4298828125 2.4427734375 2.3297325721153843 
2.4432913643973215 2.4326450892857143 2.4434064592633926 2.441162109375 2.438112095424107 2.4037562779017856 2.4427734375 2.434889439174107 2.436213030133928 2.4298828125 2.442946079799107 2.4188912527901785 2.4363281249999997 2.4298828125 2.4427734375 2.329750279017857 
2.4432568359375 2.4328906249999998 2.44341796875 2.4412695312499997 2.438046875 2.4037255859375 2.4427734375 2.4349853515625 2.436220703125 2.4298828125 2.4429345703124996 2.4188720703125 2.4363281249999997 2.4298828125 2.4427734375 2.329765625 
2.443226623535156 2.4329544067382813 2.4433776855468747 2.441212463378906 2.4380401611328124 2.40369873046875 2.4427734375 2.4348678588867188 2.4362274169921876 2.429681396484375 2.4429244995117188 2.4189559936523435 2.4363281249999997 2.4298828125 2.4427734375 2.3296783447265623 
2.443199965533088 2.433152860753676 2.443342141544117 2.4411147173713235 2.438034237132353 2.4037698184742644 2.4427734375 2.4349537568933823 2.436233340992647 2.429693244485294 2.4429156135110293 2.4189352596507354 2.4363281249999997 2.4298828125 2.4427734375 2.329696116727941 
2.44317626953125 2.433284505208333 2.443310546875 2.441206868489583 2.4380289713541665 2.4037434895833334 2.4427734375 2.435030110677083 2.436238606770833 2.4297037760416664 2.44290771484375 2.41900634765625 2.4363281249999997 2.4298828125 2.4427734375 2.3297119140624996 
2.4431550678453946 2.4334446957236837 2.4434518914473684 2.4412893194901315 2.437939453125 2.4036775287828944 2.4427734375 2.4350984272203946 2.436243318256579 2.4297131990131575 2.4429006476151316 2.4189003392269735 2.4363281249999997 2.4298828125 2.4427734375 2.3297260485197366 
2.443216552734375 2.4335888671875 2.44349853515625 2.4414440917968747 2.437939453125 2.403739013671875 2.4427734375 2.435159912109375 2.4362475585937498 2.4297216796875 2.442894287109375 2.418966064453125 2.4363281249999997 2.4298828125 2.44269287109375 2.3297387695312497 
2.4432338169642853 2.433680943080357 2.4435791015625 2.4414306640625 2.4379010881696423 2.4037179129464286 2.4427734375 2.435215541294643 2.4362513950892857 2.4297293526785713 2.4428885323660716 2.4189488002232142 2.4363281249999997 2.4298828125 2.4426967075892856 2.329750279017857 
2.443212890625 2.4336181640624996 2.4435791015625 2.441455078125 2.43790283203125 2.4038085937499996 2.4427734375 2.43511962890625 2.4362548828125 2.4296264648437496 2.44288330078125 2.41900634765625 2.4363281249999997 2.4298828125 2.4427001953125 2.3297607421874997 
2.4431937839673914 2.433700959578804 2.4436141304347823 2.4415123980978257 2.4379044242527175 2.4038563603940215 2.4427734375 2.4351721722146737 2.4362580672554346 2.4296376103940216 2.4428785241168476 2.4189888332201086 2.4363281249999997 2.4298828125 2.442703379755435 2.329770295516304 
2.44317626953125 2.43377685546875 2.443612670898437 2.4414978027343746 2.4379058837890626 2.403900146484375 2.4427734375 2.4352203369140626 2.436260986328125 2.4296478271484374 2.4428741455078122 2.4190399169921872 2.4363281249999997 2.4298828125 2.4427062988281247 2.329779052734375 
2.4431923828124997 2.4338466796875 2.4435791015625 2.4415488281249997 2.4379072265625 2.403908203125 2.4427734375 2.4352646484375 2.436263671875 2.4296572265624996 2.4428701171875 2.4190224609374997 2.4363281249999997 2.4298828125 2.442708984375 2.329787109375 
2.44317626953125 2.4336942232572114 2.4436720628004807 2.44156494140625 2.437908466045673 2.403977614182692 2.4427734375 2.435305551382211 2.4362661508413463 2.4296659029447114 2.442866398737981 2.4190683218149034 2.4363281249999997 2.4298828125 2.4427114633413463 2.3297945462740386 
2.4432807074652776 2.433821614583333 2.4437581380208333 2.4416097005208335 2.4378797743055554 2.403982204861111 2.4427734375 2.4353434244791665 2.4362684461805557 2.4296739366319446 2.442862955729167 2.4191107855902776 2.4363281249999997 2.4298828125 2.4427137586805556 2.3298014322916667 
2.4433201381138394 2.4339111328125 2.4438380650111604 2.441651262555803 2.4378531319754466 2.404072788783482 2.4427734375 2.4353785923549105 2.4362705775669644 2.429681396484375 2.4428597586495533 2.4191502162388394 2.4363281249999997 2.4299403599330356 2.4427158900669643 2.3299229213169643 
2.4434401939655173 2.4339944773706894 2.4438846982758617 2.441634395204741 2.4378561085668102 2.4041015624999997 2.4427734375 2.435411334859914 2.4362725619612067 2.429688341864224 2.4428567820581892 2.4191869275323272 2.4363281249999997 2.429938375538793 2.4427178744612066 2.330036031788793 
2.4434716796875 2.4341259765625 2.44392822265625 2.4416992187499997 2.43785888671875 2.4041552734375 2.4427734375 2.43544189453125 2.4362744140625 2.42969482421875 2.4428540039062496 2.4192211914062502 2.4363281249999997 2.4300439453125 2.4427197265625 2.3301416015624996 
2.443475144909274 2.4341710244455643 2.4439689390120964 2.4417338709677416 2.4378614856350804 2.4042055191532254 2.4427734375 2.4355224609375 2.436276146673387 2.429752866683468 2.442851404989919 2.419305223034274 2.4363281249999997 2.4300907258064517 2.442721459173387 2.3301883820564515 
2.4435035705566404 2.4342132568359376 2.4438812255859372 2.4416908264160155 2.4378639221191407 2.404277801513672 2.4427734375 2.435547637939453 2.4362777709960937 2.4297821044921872 2.442848968505859 2.4193336486816404 2.4363281249999997 2.430109405517578 2.4427230834960936 2.3302825927734374 
2.443505859375 2.4341552734375 2.44384765625 2.4417236328125 2.4378662109375 2.404345703125 2.4427734375 2.4356201171875 2.436279296875 2.429833984375 2.4428466796875 2.4194091796875 2.4363281249999997 2.4301513671875 2.442724609375 2.3303710937499997 
2.443484317555147 2.4341007008272055 2.443816061580882 2.4417545094209556 2.4378683651194852 2.4043622185202205 2.4427734375 2.435640940946691 2.4362807329963236 2.4298354204963233 2.4428445255055147 2.419385483685662 2.4363281249999997 2.4301434685202206 2.4427260454963236 2.3303596047794115 
2.4434640066964284 2.434072265625 2.4438092912946425 2.4417836216517856 2.4378473772321425 2.4044468470982143 2.4427734375 2.435660574776785 2.4362820870535713 2.4298367745535714 2.4428424944196427 2.4194552176339283 2.4363281249999997 2.4302280970982144 2.442727399553571 2.3303487723214285 
2.44344482421875 2.434023030598958 2.443870035807292 2.441811116536458 2.437849934895833 2.404549153645833 2.4427734375 2.4356791178385415 2.436238606770833 2.4299275716145834 2.442840576171875 2.419476318359375 2.4363281249999997 2.4303080240885415 2.4427286783854165 2.330428059895833 
2.4434266786317567 2.433976456925676 2.44392749683277 2.4418588999155406 2.4378523543074326 2.404645930109797 2.4427734375 2.4357402079814188 2.4362410261824325 2.4299699113175675 2.4428387616131757 2.419539827913851 2.4363281249999997 2.4303836307010136 2.442729888091216 2.3305030616554054 
2.4434942948190788 2.433932334498355 2.4439607319078944 2.441882966694079 2.4378334446957237 2.4046952097039473 2.4427734375 2.435840486225329 2.436243318256579 2.430052425986842 2.442837042557566 2.419578793174342 2.4363281249999997 2.4304764597039474 2.4427310341282893 2.3305741159539473 
2.443517127403846 2.433890474759615 2.443950946514423 2.441905799278846 2.437815504807692 2.404741962139423 2.4427734375 2.435894305889423 2.4362454927884616 2.430089393028846 2.4428354116586535 2.4196364182692305 2.4363281249999997 2.4305025540865386 2.4427321213942306 2.3306415264423075 
2.4435388183593747 2.4338507080078124 2.4439215087890624 2.44188720703125 2.4378186035156246 2.4048870849609374 2.4427734375 2.43592529296875 2.4362475585937498 2.430164794921875 2.442833862304687 2.419671020507812 2.4363281249999997 2.4305877685546875 2.442733154296875 2.33070556640625 
2.443598751905488 2.4338128810975608 2.443893507050305 2.4419088224085366 2.4378215510670733 2.4049072265625 2.4427734375 2.4359351181402435 2.4362495236280486 2.430157917301829 2.4428323885289633 2.419644983803354 2.4363281249999997 2.430570574504573 2.4427341368140243 2.330687881097561 
2.4435791015625 2.4337193080357142 2.44384765625 2.4418910435267858 2.43780517578125 2.404983956473214 2.4427734375 2.4359636579241073 2.4362513950892857 2.430189732142857 2.4428309849330354 2.419677734375 2.4363281249999997 2.4306309291294643 2.4427350725446426 2.330766950334821 
2.4435791015625 2.4336862963299417 2.4438226744186045 2.4418366188226743 2.4378082985101743 2.4050383811773255 2.4427734375 2.4359908702761626 2.436253179505814 2.43025753997093 2.4428296466206394 2.4197276980377906 2.4363281249999997 2.4306884765625 2.4427359647529068 2.330823605559593 
2.4435607910156247 2.4336547851562496 2.443798828125 2.44178466796875 2.43779296875 2.4051086425781247 2.4427734375 2.4359985351562496 2.43621826171875 2.4302856445312497 2.442828369140625 2.419775390625 2.4363281249999997 2.430743408203125 2.4427368164062497 2.330877685546875 
2.4436149088541663 2.4336246744791667 2.44384765625 2.4418245442708333 2.4377783203125 2.40517578125 2.4427734375 2.4360237630208332 2.436220703125 2.4303483072916663 2.4428271484375 2.4198209635416665 2.4363281249999997 2.4307958984374998 2.4427376302083332 2.330911458333333 
2.4436666737432065 2.4335958729619565 2.443859332540761 2.441845172384511 2.437781823199728 2.405204971976902 2.4427734375 2.4360654084578806 2.4362230383831522 2.4303732167119563 2.442825980808424 2.419864555027174 2.4363281249999997 2.4308285920516304 2.4427384086277173 2.3309437627377716 
2.4436819522938826 2.4335682970412233 2.443887653756649 2.441847780917553 2.4377851770279255 2.4052329205452128 2.4427734375 2.43610528174867 2.436225274268617 2.4303799243683506 2.4428248628656917 2.419889149767287 2.4363281249999997 2.4308256108710102 2.442739153922872 2.330957550698138 
2.443646240234375 2.433541870117187 2.4438812255859372 2.44183349609375 2.437788391113281 2.405226135253906 2.4427734375 2.436126708984375 2.4362274169921876 2.4303863525390623 2.442823791503906 2.419879150390625 2.4363281249999997 2.430805969238281 2.4427398681640624 2.3309539794921874 
2.4436613121811224 2.4335165218431123 2.4438586176658164 2.4418526785714283 2.437791474011479 2.405219626913265 2.4427734375 2.436130819515306 2.436229472257653 2.4303925183354593 2.4428227638711735 2.4198695591517856 2.4363281249999997 2.430787129304847 2.442740553252551 2.3309341119260205 
2.44365966796875 2.4334921874999997 2.4438369140625 2.4418388671875 2.4377783203125 2.4052133789062498 2.4427734375 2.436134765625 2.4362314453125 2.43038232421875 2.4428217773437497 2.4198442382812497 2.4363281249999997 2.4307690429687496 2.4427412109374997 2.3309150390625 
2.443658088235294 2.4334688074448527 2.443816061580882 2.441809800091912 2.437781479779412 2.4052073759191175 2.4427734375 2.436106962316176 2.436233340992647 2.4303725298713235 2.442820829503676 2.419819910386029 2.4363281249999997 2.4307516659007353 2.4427418428308822 2.3308967141544117 
2.4436410757211537 2.433446326622596 2.4437960111177883 2.441766357421875 2.4377845177283652 2.405201603816106 2.4427734375 2.4361112154447113 2.436235163762019 2.4303631122295672 2.4428199181189902 2.419796518179086 2.4363281249999997 2.4307349571814902 2.442742450420673 2.3308790940504807 
2.4436855100235846 2.4334246941332545 2.443837522110849 2.441785358932783 2.437787441037736 2.405165647110849 2.4427734375 2.4361153080778304 2.4362369177476415 2.4303540499705187 2.442819041126179 2.419774008696934 2.4363281249999997 2.4307188789799525 2.442743035082547 2.330862138856132 
2.443698459201389 2.4334038628472223 2.44384765625 2.4418036566840273 2.4377902560763887 2.4051608615451388 2.4427734375 2.4361192491319446 2.436238606770833 2.430345323350694 2.442818196614583 2.4197523328993054 2.4363281249999997 2.430703396267361 2.442743598090278 2.3308458116319444 
2.4436962890625 2.4333837890625 2.4438134765625 2.4418212890625 2.43779296875 2.40515625 2.4427734375 2.4361230468749997 2.436240234375 2.4303369140625 2.4428173828124997 2.4197314453125 2.4363281249999997 2.4306884765625 2.442744140625 2.330830078125 
2.443737357003348 2.4333644321986605 2.4438380650111604 2.4418670654296872 2.437781197684152 2.4051518031529016 2.4427734375 2.436126708984375 2.4362418038504465 2.4303288051060266 2.442816598074777 2.4197113037109372 2.4363281249999997 2.4306740897042407 2.442744663783482 2.330814906529018 
2.443776983963816 2.4333457545230264 2.443833521792763 2.441882966694079 2.4377839740953946 2.4051475123355264 2.4427734375 2.4361019736842104 2.436243318256579 2.4303209806743418 2.4428158408717104 2.4196918688322366 2.4363281249999997 2.4306602076480264 2.4427451685855264 2.330800267269737 
2.4437596814385776 2.4333277209051722 2.4438708075161637 2.4419122103987068 2.4377866547683187 2.405115587957974 2.4427734375 2.4361058728448275 2.4362447804418106 2.4303134260506463 2.4428151097790947 2.419673104121767 2.4363281249999997 2.430646804283405 2.4427456559806036 2.3307861328125 
2.4437839314088983 2.4333102985963984 2.4438522080243645 2.441858530852754 2.4377755892478814 2.4051120564088984 2.4427734375 2.436109639830508 2.436218882415254 2.4303061275158897 2.4437508004610655 2.4332771676485656 2.4438168384989756 2.4418224897540983 2.437767754226434 2.4050525102459015 2.4427734375 2.4360903880635245 2.436222464139344 2.4302922483350407 2.4428130603227456 2.4196205014088115 2.4363281249999997 2.4306092309170078 2.442747022284836 2.330746509989754 
2.4437350365423383 2.4332614037298383 2.443851987777218 2.4417858492943547 2.4377575289818547 2.4050501669606854 2.4427734375 2.4360942225302415 2.436224168346774 2.4302856445312497 2.4428124212449593 2.419604098412298 2.4363281249999997 2.4305975144909273 2.4427474483366933 2.330734154485887 
2.4437197730654763 2.4332461402529764 2.4438348679315474 2.4418015252976186 2.4377604166666664 2.4050478980654764 2.4427734375 2.4360723586309523 2.436225818452381 2.4302792503720236 2.442811802455357 2.4195882161458333 2.4363281249999997 2.4305861700148808 2.4427478608630953 2.3307221912202376 
2.4436798095703125 2.4332313537597656 2.443843460083008 2.441816711425781 2.4377506256103514 2.405045700073242 2.4427734375 2.4360763549804685 2.436202239990234 2.4302730560302734 2.4428112030029294 2.4195728302001953 2.4363281249999997 2.4305751800537108 2.4427482604980466 2.3307106018066404 
2.4436658653846153 2.4332170222355765 2.4438517878605768 2.4418314302884614 2.4377535306490383 2.4050187800480765 2.4427734375 2.4360802283653844 2.436204176682692 2.4302670522836536 2.442810621995192 2.419557917668269 2.4363281249999997 2.430564528245192 2.442748647836538 2.3306993689903845 
2.4436523437499997 2.433203125 2.44383544921875 2.44183349609375 2.437744140625 2.4050170898437497 2.4427734375 2.43604736328125 2.4362060546875 2.43026123046875 2.44281005859375 2.4195434570312497 2.4363281249999997 2.43055419921875 2.4427490234375 2.3306884765625 
2.443615176072761 2.433189642607276 2.4438316231343284 2.441823475396455 2.4377350309001864 2.4050154500932837 2.4427734375 2.436027504081157 2.4362078766324626 2.430255582439366 2.4428095120102613 2.4195294280550375 2.4363281249999997 2.430544178521455 2.4427493878264928 2.3306779092817163 
2.443602797564338 2.4331765567555146 2.443816061580882 2.4418374454273897 2.4377261891084556 2.405013858570772 2.4427734375 2.436031924977022 2.4362096449908086 2.430250100528492 2.442808981502757 2.419515811695772 2.4363281249999997 2.4305344525505514 2.4427497414981616 2.330667652803309 
2.4435907778532604 2.433175526494565 2.44384765625 2.4418043053668477 2.437729279891304 2.4050123131793475 2.4427734375 2.4360362177309782 2.4362113620923913 2.430244777513587 2.4428084663722824 2.419502590013587 2.4363281249999997 2.430525008491848 2.4427500849184782 2.3306576936141306 
2.4435791015625 2.4331745256696427 2.443832310267857 2.441818150111607 2.4377322823660714 2.40498779296875 2.4427734375 2.436017368861607 2.436213030133928 2.4302396065848213 2.442807965959821 2.41948974609375 2.4363281249999997 2.430515834263393 2.4427504185267854 2.330648018973214 
2.4435677541813376 2.433128163512324 2.4438173965669012 2.441831604863556 2.4377352002640844 2.40496396346831 2.4427734375 2.4360217457086266 2.43621465118838 2.430234581316021 2.442807479643486 2.4194772639744717 2.4363281249999997 2.4305069184639083 2.442750742737676 2.330638616857394 
2.443556722005208 2.433127848307292 2.443825276692708 2.4418446858723954 2.437738037109375 2.4049407958984372 2.4427734375 2.435992431640625 2.4362162272135417 2.4302296956380207 2.4428070068359373 2.4194539388020835 2.4363281249999997 2.4304982503255204 2.4427510579427083 2.3306294759114583 
2.4435239190924656 2.4331165052440067 2.4438439774186644 2.441879481485445 2.4377407962328768 2.4049182630565067 2.4427734375 2.435963920697774 2.4362177600599315 2.4302249438142125 2.44280654698202 2.4194422891695204 2.4363281249999997 2.4304898196703766 2.4427513645119863 2.330620585402397 
2.443513777449324 2.43310546875 2.4438295106630066 2.441924224028716 2.437743480785473 2.404918113914696 2.4427734375 2.435968842377534 2.4362192514780405 2.430220320418074 2.4428060995565875 2.419430954391892 2.4363281249999997 2.430481616870777 2.442751662795608 2.3306119351773646 
2.44350390625 2.43310546875 2.4438154296875 2.4419248046875 2.43774609375 2.40491796875 2.4427734375 2.4359736328125 2.436220703125 2.4302158203124997 2.4428056640625 2.419419921875 2.4363281249999997 2.4304736328125 2.4427519531249997 2.330603515625 
2.4434942948190788 2.43310546875 2.44380171926398 2.4418935675370066 2.4377486379523026 2.4048966257195725 2.4427734375 2.435978297183388 2.4362009148848682 2.4302114386307565 2.4428052400287825 2.4194091796875 2.4363281249999997 2.4304658588610195 2.4427522358141447 2.330595317639802 
2.4428144034692796 2.4196549755031778 2.4363281249999997 2.430633855270127 2.4427461268538133 2.3307724774894063 
2.4434849330357142 2.433095005580357 2.443788364955357 2.4418631417410714 2.4377511160714285 2.404896763392857 2.4427734375 2.4359619140624997 2.4362025669642855 2.4302071707589286 2.4428048270089286 2.4193987165178568 2.4363281249999997 2.430458286830357 2.4427525111607142 2.330587332589286 
2.443475811298077 2.4330641526442305 2.4438166691706726 2.44183349609375 2.4377535306490383 2.404896897536058 2.4427734375 2.435935621995192 2.436204176682692 2.4302030123197116 2.4428044245793266 2.419388521634615 2.4363281249999997 2.430450908954327 2.4427527794471153 2.3305795522836537 
2.443466920490506 2.4330340807950948 2.4438238602650313 2.4418453940862337 2.437755884098101 2.404897028283228 2.4427734375 2.435920193829114 2.436205745648734 2.430198959157437 2.442804032337816 2.4193785848496834 2.4363281249999997 2.4304437178599683 2.4427530409414557 2.3305719689477846 
2.4434280395507812 2.432994689941406 2.4438510131835938 2.4418569946289064 2.4377581787109373 2.4048971557617187 2.4427734375 2.4358950805664064 2.436207275390625 2.4301950073242184 2.4428036499023436 2.4193688964843747 2.4363281249999997 2.430436706542969 2.4427532958984375 2.330564575195312 
2.443419958043981 2.432956271701389 2.4438377097800923 2.4418882016782404 2.4377405237268515 2.4048972800925923 2.4427734375 2.4358805338541663 2.436208767361111 2.43019115306713 2.442803276909722 2.4193594473379627 2.4363281249999997 2.4304298683449073 2.442753544560185 2.3305573640046293 
2.443412073647104 2.432918790491616 2.4438247308498475 2.4419186475800303 2.437742949695122 2.404897401391006 2.4427734375 2.4358565167682924 2.4362102229420732 2.430187392816311 2.4428029130144817 2.4193502286585367 2.4363281249999997 2.4304231969321646 2.442753787157012 2.330550328696646 
2.4434043792356928 2.432882212443524 2.443831478256777 2.4419483598456324 2.4377453172063253 2.4048975197665663 2.4427734375 2.435842785203313 2.436211643448795 2.4301837231739456 2.442802557887801 2.4193412321159635 2.4363281249999997 2.430416686276355 2.4427540239081322 2.3305434629141564 
2.4433968680245535 2.432846505301339 2.443818882533482 2.4419581821986607 2.4377476283482142 2.404897635323661 2.4427734375 2.4358485630580358 2.436213030133928 2.430180140904018 2.4428022112165175 2.4193324497767854 2.4363281249999997 2.4304103306361604 2.4427542550223214 2.3305367606026786 
2.443389533547794 2.432811638327206 2.443806583180147 2.4419488166360295 2.437749885110294 2.404888269761029 2.4427734375 2.4358352481617644 2.4362143841911763 2.430176642922794 2.442801872702206 2.4193238740808822 2.4363281249999997 2.430404124540441 2.4427544806985293 2.330530215992647 
2.4433823696402617 2.432777582212936 2.4437945698582846 2.44191156431686 2.4377520893895346 2.4048978583757266 2.4427734375 2.435822242914244 2.4362157067587207 2.4301732262899707 2.4428015420603195 2.4193154978197673 2.4363281249999997 2.430398062772529 2.442754701126453 2.330523823582849 
2.4433753704202585 2.4327443089978447 2.4437828327047413 2.4419214709051724 2.4377357219827585 2.4049072265625 2.4427734375 2.4358280576508617 2.4362169989224136 2.430169888200431 2.442801219019396 2.419307314116379 2.4363281249999997 2.4303921403556035 2.4427549164870688 2.330517578125 
2.4433685302734376 2.4327117919921872 2.4437896728515622 2.44193115234375 2.4377288818359375 2.4049072265625 2.4427734375 2.435833740234375 2.43621826171875 2.4301666259765624 2.4428009033203124 2.41929931640625 2.4363281249999997 2.4303863525390623 2.442755126953125 2.330511474609375 
2.443361843837781 2.4326800057057585 2.4437782544768254 2.4419406162219097 2.4377312478054773 2.4049072265625 2.4427734375 2.435839295119382 2.43621949613764 2.430163437061095 2.4428005947155897 2.419291498419944 2.4363281249999997 2.430380694785814 2.4427553326896065 2.3305055082514046 
2.443355305989583 2.4326668294270832 2.4437670898437496 2.4419140625 2.4377335611979167 2.4049340820312497 2.4427734375 2.4358268229166664 2.436220703125 2.4301603190104166 2.44280029296875 2.4192838541666664 2.4363281249999997 2.430375162760417 2.442755533854166 2.330499674479167 
2.4433312049278846 2.4326362358344777 2.4437915843921703 2.441914652730082 2.437735823746566 2.404916080013736 2.4427734375 2.4358057713770602 2.436221883585165 2.430157269488324 2.4427999978537085 2.419276377918956 2.4363281249999997 2.4303697523179943 2.4427557305975274 2.330493968921703 
2.443325142238451 2.4326063073199724 2.4437980320142665 2.4419239873471468 2.437729279891304 2.4048984693444293 2.4427734375 2.43579393469769 2.4362230383831522 2.43015428626019 2.4427997091542117 2.419269064198369 2.4363281249999997 2.4303644594938856 2.4427559230638582 2.3304883873980975 
2.4433192099294354 2.4325770224294354 2.4438216670866937 2.441915795110887 2.437722876764113 2.4048985635080644 2.4427734375 2.4357996786794356 2.436224168346774 2.4301513671875 2.4427994266633064 2.4192619077620967 2.4363281249999997 2.4303592804939513 2.442756111391129 2.330482925907258 
2.4433134038397606 2.4325483606216753 2.443810515708112 2.44192491896609 2.437725180767952 2.4048643720910903 2.442756295711436 2.435805300448803 2.436225274268617 2.430148510222739 2.4427991501828457 2.419254903590425 2.4363281249999997 2.430354211685505 2.442756295711436 2.330477580618351 
2.4433077199835522 2.4325203022203947 2.443799599095395 2.4419338507401314 2.4377274362664476 2.404839381167763 2.4427564761513154 2.435785361842105 2.436226356907895 2.430145713404605 2.442798879523026 2.419248046875 2.4363281249999997 2.430349249588816 2.4427564761513154 2.3304723478618423 
2.4433021545410156 2.432476043701172 2.443822479248047 2.4419090270996096 2.4377296447753904 2.4048149108886716 2.442756652832031 2.435774230957031 2.4362274169921876 2.4301429748535153 2.442798614501953 2.4192413330078124 2.4363281249999997 2.4303443908691404 2.442756652832031 2.3304672241210933 
2.4432800922197164 2.4324493093588915 2.4438199701997423 2.441917938547036 2.4377318077480665 2.4047826393363403 2.4427568258698455 2.4357633295747423 2.436228455219072 2.4301402927673967 2.4427983549452317 2.419234757570876 2.4363281249999997 2.4303396323292525 2.4427568258698455 2.3304622060244844 
2.4432749222735968 2.4324231206154336 2.4438421755420916 2.4419266681281884 2.4377257055165815 2.404775689572704 2.4427569953762753 2.4357526506696425 2.436229472257653 2.430137665417729 2.4427981006855863 2.4192283163265302 2.4363281249999997 2.4303349709024236 2.4427569953762753 2.33045729033801 
2.4432698567708333 2.4323974609374996 2.443855794270833 2.4419352213541665 2.437727864583333 2.4047526041666667 2.442757161458333 2.4357584635416667 2.43623046875 2.430135091145833 2.4427978515624997 2.4192220052083333 2.4363281249999997 2.4303304036458333 2.442757161458333 2.330452473958333 
2.443264892578125 2.432372314453125 2.4438369140625 2.44195166015625 2.43772998046875 2.40474609375 2.44275732421875 2.435748046875 2.4362314453125 2.4301325683593746 2.442797607421875 2.4192158203125 2.4363281249999997 2.430325927734375 2.44275732421875 2.33044775390625 
2.443248779296875 2.43234814453125 2.4438369140625 2.442008056640625 2.43772998046875 2.4047138671875 2.44275732421875 2.435748046875 2.4362314453125 2.4301325683593746 2.442797607421875 2.4192158203125 2.4363281249999997 2.430325927734375 2.44275732421875 2.33044775390625 
2.443264892578125 2.43234814453125 2.4438369140625 2.44201611328125 2.43772998046875 2.404681640625 2.44275732421875 2.435748046875 2.4362475585937498 2.430116455078125 2.4427734375 2.4191674804687495 2.4363281249999997 2.430325927734375 2.44275732421875 2.33044775390625 
2.443264892578125 2.4323320312499996 2.4438369140625 2.44201611328125 2.437721923828125 2.404673583984375 2.44275732421875 2.43576416015625 2.4362475585937498 2.430116455078125 2.4427734375 2.4191674804687495 2.4363281249999997 2.430325927734375 2.44275732421875 2.33044775390625 
2.443232666015625 2.432307861328125 2.44382080078125 2.442024169921875 2.4377058105468747 2.4046655273437496 2.44275732421875 2.435788330078125 2.4362475585937498 2.430116455078125 2.4427734375 2.4191674804687495 2.4363281249999997 2.430325927734375 2.44275732421875 2.33044775390625 
2.443216552734375 2.4322595214843745 2.4438288574218747 2.4420322265624996 2.43769775390625 2.4046574707031247 2.44275732421875 2.4358044433593746 2.4362314453125 2.430116455078125 2.4427734375 2.4191674804687495 2.4363281249999997 2.430325927734375 2.44275732421875 2.3304638671875 
2.443216552734375 2.4322353515625 2.443844970703125 2.442024169921875 2.4376816406249997 2.4046494140625 2.44275732421875 2.435820556640625 2.4362314453125 2.430116455078125 2.4427734375 2.4191674804687495 2.4363281249999997 2.430325927734375 2.44275732421875 2.3304638671875 
2.443216552734375 2.432211181640625 2.4438369140625 2.442024169921875 2.4376816406249997 2.404641357421875 2.44275732421875 2.435836669921875 2.4362314453125 2.430116455078125 2.4427734375 2.4191674804687495 2.4363281249999997 2.430325927734375 2.44275732421875 2.3304638671875 
2.44320849609375 2.43218701171875 2.443812744140625 2.44204833984375 2.437689697265625 2.404625244140625 2.44275732421875 2.435836669921875 2.4362314453125 2.4301325683593746 2.4427734375 2.4191674804687495 2.4363281249999997 2.430325927734375 2.44275732421875 2.3304799804687497 
2.443200439453125 2.43215478515625 2.44382080078125 2.442040283203125 2.4376816406249997 2.4046171875 2.44275732421875 2.4358527832031247 2.4362314453125 2.4301325683593746 2.4427734375 2.4191674804687495 2.4363281249999997 2.430325927734375 2.44275732421875 2.3304799804687497 
2.443216552734375 2.432138671875 2.4438046875 2.442064453125 2.4376816406249997 2.404609130859375 2.44275732421875 2.435868896484375 2.4362314453125 2.4301325683593746 2.4427734375 2.4191674804687495 2.4363281249999997 2.430325927734375 2.44275732421875 2.3304799804687497 
2.443184326171875 2.432130615234375 2.4437724609375 2.4420322265624996 2.4376816406249997 2.40460107421875 2.44275732421875 2.43589306640625 2.4362314453125 2.4301325683593746 2.4427734375 2.4191674804687495 2.4363281249999997 2.430325927734375 2.4427412109374997 2.3304799804687497 
2.443184326171875 2.432138671875 2.443764404296875 2.44201611328125 2.4376816406249997 2.40456884765625 2.44275732421875 2.4359091796875 2.4362314453125 2.4301325683593746 2.4427734375 2.4191835937499997 2.4363281249999997 2.430325927734375 2.4427412109374997 2.3304799804687497 
2.44317626953125 2.432098388671875 2.4437563476562496 2.441991943359375 2.437673583984375 2.404544677734375 2.44275732421875 2.43592529296875 2.4362314453125 2.4301325683593746 2.4427734375 2.419191650390625 2.4363281249999997 2.430325927734375 2.4427412109374997 2.3304799804687497 
2.44317626953125 2.4320742187499995 2.4437563476562496 2.44201611328125 2.437673583984375 2.404512451171875 2.44275732421875 2.43592529296875 2.4362314453125 2.4301325683593746 2.4427734375 2.419191650390625 2.4363281249999997 2.430325927734375 2.4427412109374997 2.3304799804687497 
2.44317626953125 2.43202587890625 2.443764404296875 2.44201611328125 2.437673583984375 2.40450439453125 2.44275732421875 2.43592529296875 2.43621533203125 2.4301325683593746 2.4427734375 2.419191650390625 2.4363281249999997 2.430325927734375 2.4427412109374997 2.3304799804687497 
2.44317626953125 2.432017822265625 2.443780517578125 2.442024169921875 2.437673583984375 2.404512451171875 2.44275732421875 2.4359575195312497 2.43621533203125 2.430164794921875 2.4427734375 2.419175537109375 2.4363281249999997 2.430325927734375 2.4427412109374997 2.33049609375 
2.44317626953125 2.431985595703125 2.44378857421875 2.44204833984375 2.437673583984375 2.40448828125 2.44275732421875 2.435933349609375 2.43621533203125 2.430164794921875 2.4427734375 2.419175537109375 2.4363281249999997 2.430325927734375 2.4427412109374997 2.33049609375 
2.442974853515625 2.43130078125 2.4437482910156247 2.442024169921875 2.4376494140625 2.4039968261718747 2.4427412109374997 2.4358125 2.4361669921875 2.430148681640625 2.4427734375 2.4189499511718746 2.4363281249999997 2.4302050781249998 2.442708984375 2.3303188476562497 
2.442974853515625 2.431276611328125 2.443699951171875 2.4419999999999997 2.4376494140625 2.4039404296875 2.44272509765625 2.43579638671875 2.43618310546875 2.430116455078125 2.4427734375 2.418933837890625 2.4363281249999997 2.4301728515625 2.44269287109375 2.33028662109375 
2.442974853515625 2.43128466796875 2.4436677246093748 2.441991943359375 2.437641357421875 2.403884033203125 2.442733154296875 2.43576416015625 2.43618310546875 2.4301003417968747 2.4428056640625 2.418901611328125 2.4363281249999997 2.430140625 2.442700927734375 2.33025439453125 
2.442942626953125 2.431260498046875 2.44365966796875 2.4419597167968745 2.437641357421875 2.4038356933593747 2.4427170410156247 2.43573193359375 2.43618310546875 2.430068115234375 2.4428056640625 2.41887744140625 2.4363281249999997 2.4301003417968747 2.442700927734375 2.33022216796875 
2.4429265136718747 2.431276611328125 2.443651611328125 2.4419274902343746 2.4376494140625 2.40379541015625 2.4427170410156247 2.4357158203125 2.43618310546875 2.430052001953125 2.4428056640625 2.41884521484375 2.4363281249999997 2.430084228515625 2.442700927734375 2.33018994140625 
2.442910400390625 2.43128466796875 2.443683837890625 2.441943603515625 2.437641357421875 2.40371484375 2.4427170410156247 2.435707763671875 2.43618310546875 2.4300197753906247 2.4428056640625 2.418821044921875 2.4363281249999997 2.4300439453125 2.442684814453125 2.33015771484375 
2.4428540039062496 2.431276611328125 2.443699951171875 2.4419274902343746 2.437641357421875 2.4036826171875 2.442700927734375 2.4356916503906247 2.43618310546875 2.4300197753906247 2.4428056640625 2.418821044921875 2.4363281249999997 2.4300439453125 2.442684814453125 2.33015771484375 
2.4428540039062496 2.431276611328125 2.4437241210937497 2.441935546875 2.4376494140625 2.4036181640625 2.442700927734375 2.43568359375 2.43618310546875 2.430003662109375 2.4428056640625 2.4187968749999995 2.4363281249999997 2.43001171875 2.442684814453125 2.330117431640625 
2.442845947265625 2.4312685546874997 2.4437482910156247 2.4419677734375 2.437641357421875 2.40356982421875 2.442700927734375 2.435659423828125 2.43618310546875 2.429971435546875 2.4428056640625 2.4187646484374996 2.4363281249999997 2.4299794921875 2.4426687011718746 2.330085205078125 
2.442829833984375 2.4312524414062495 2.4437563476562496 2.44201611328125 2.4376333007812496 2.40350537109375 2.442700927734375 2.43563525390625 2.43618310546875 2.429955322265625 2.4428056640625 2.4187324218749997 2.4363281249999997 2.4299472656249996 2.4426687011718746 2.330052978515625 
2.442797607421875 2.431260498046875 2.443716064453125 2.442008056640625 2.437641357421875 2.4034409179687497 2.442684814453125 2.435627197265625 2.43618310546875 2.429923095703125 2.4428056640625 2.4187001953125 2.4363281249999997 2.4299150390624997 2.442652587890625 2.3300288085937497 
2.442765380859375 2.4312685546874997 2.443699951171875 2.442008056640625 2.4376252441406248 2.4033845214843748 2.442684814453125 2.4356110839843748 2.4361669921875 2.429906982421875 2.4428056640625 2.4186840820312496 2.4363281249999997 2.429890869140625 2.442652587890625 2.330004638671875 
2.4427492675781246 2.431276611328125 2.4436757812499996 2.441991943359375 2.4376171875 2.403336181640625 2.4426687011718746 2.435594970703125 2.43615087890625 2.42989892578125 2.4428056640625 2.418659912109375 2.4363281249999997 2.4298828125 2.442652587890625 2.329988525390625 
2.44275732421875 2.431276611328125 2.443683837890625 2.442008056640625 2.437609130859375 2.4033120117187496 2.4426687011718746 2.4355869140624997 2.43615087890625 2.429890869140625 2.4428056640625 2.4186518554687497 2.4363281249999997 2.4298828125 2.442652587890625 2.32998046875 
2.44272509765625 2.431260498046875 2.443716064453125 2.442008056640625 2.4376010742187497 2.4032878417968746 2.442652587890625 2.43557080078125 2.43615087890625 2.4298828125 2.4428056640625 2.418643798828125 2.4363281249999997 2.4298828125 2.4426364746093747 2.32998046875 
2.4427170410156247 2.431236328125 2.443699951171875 2.442024169921875 2.437593017578125 2.403263671875 2.4426364746093747 2.4355546875 2.436134765625 2.4298828125 2.4428056640625 2.418643798828125 2.4363281249999997 2.4298828125 2.442620361328125 2.32998046875 
2.442708984375 2.4312121582031248 2.4437241210937497 2.442056396484375 2.4375849609375 2.4032395019531245 2.442620361328125 2.43557080078125 2.436134765625 2.4298828125 2.4428056640625 2.418643798828125 2.4363281249999997 2.4298828125 2.442604248046875 2.32998046875 
2.44269287109375 2.4311879882812497 2.443716064453125 2.4420966796875 2.43756884765625 2.40321533203125 2.442604248046875 2.43557080078125 2.4361186523437497 2.4298828125 2.4428056640625 2.418643798828125 2.4363281249999997 2.4298828125 2.4425881347656246 2.32998046875 
2.4426606445312498 2.431163818359375 2.443683837890625 2.442088623046875 2.43756884765625 2.4032072753906246 2.442604248046875 2.43557080078125 2.4361186523437497 2.4298828125 2.4428056640625 2.418643798828125 2.4363281249999997 2.4298828125 2.4425881347656246 2.32998046875 
2.44264453125 2.43115576171875 2.443683837890625 2.442088623046875 2.437560791015625 2.40318310546875 2.442604248046875 2.43557080078125 2.4361025390624995 2.4298828125 2.4428056640625 2.418659912109375 2.4363281249999997 2.4298828125 2.442572021484375 2.32998046875 
2.4426364746093747 2.431147705078125 2.44369189453125 2.44204833984375 2.437544677734375 2.4031750488281247 2.4425881347656246 2.43557080078125 2.4361025390624995 2.4298828125 2.4428056640625 2.418659912109375 2.4363281249999997 2.4298828125 2.4425559082031247 2.32998046875 
2.442604248046875 2.431115478515625 2.4436677246093748 2.4420322265624996 2.437544677734375 2.403142822265625 2.4425881347656246 2.43557080078125 2.4361025390624995 2.4298828125 2.4428056640625 2.418659912109375 2.4363281249999997 2.4298828125 2.4425559082031247 2.32998046875 
2.442572021484375 2.431099365234375 2.44369189453125 2.4420322265624996 2.43753662109375 2.403134765625 2.442572021484375 2.4355869140624997 2.4361025390624995 2.4298828125 2.44278955078125 2.418659912109375 2.4363281249999997 2.4298828125 2.442539794921875 2.32998046875 
2.442572021484375 2.4311074218749997 2.44369189453125 2.442024169921875 2.4375285644531246 2.4031267089843746 2.4425559082031247 2.4355869140624997 2.43608642578125 2.4298828125 2.44278955078125 2.418659912109375 2.4363281249999997 2.4298828125 2.442539794921875 2.32998046875 
2.4425478515625 2.4310832519531247 2.4437080078125 2.442064453125 2.4375285644531246 2.4031025390625 2.4425559082031247 2.4355869140624997 2.43608642578125 2.4298828125 2.44278955078125 2.418659912109375 2.4363281249999997 2.4298828125 2.442539794921875 2.32998046875 
2.442539794921875 2.4310751953125 2.443732177734375 2.4421047363281247 2.4375205078124997 2.40308642578125 2.4425559082031247 2.4355869140624997 2.4360703124999996 2.4298828125 2.44278955078125 2.418659912109375 2.4363281249999997 2.4298828125 2.442539794921875 2.32998046875 
2.4425478515625 2.431051025390625 2.443740234375 2.4421047363281247 2.43750439453125 2.403078369140625 2.442539794921875 2.43560302734375 2.43605419921875 2.4298828125 2.44278955078125 2.418659912109375 2.4363281249999997 2.4298828125 2.442523681640625 2.32998046875 
2.4425478515625 2.43105908203125 2.4437080078125 2.4421450195312495 2.43750439453125 2.4030541992187495 2.442539794921875 2.43560302734375 2.4360380859374997 2.4298828125 2.44278955078125 2.418659912109375 2.4363281249999997 2.4298828125 2.442507568359375 2.32998046875 
2.4425478515625 2.4310349121093746 2.4437080078125 2.44212890625 2.4374963378906247 2.403030029296875 2.442539794921875 2.4356191406249996 2.43602197265625 2.4298828125 2.44278955078125 2.418659912109375 2.4363281249999997 2.4298828125 2.442491455078125 2.32998046875 
2.4425639648437496 2.43104296875 2.44369189453125 2.442088623046875 2.43748828125 2.403005859375 2.442539794921875 2.4356191406249996 2.4360380859374997 2.4298828125 2.44278955078125 2.418659912109375 2.4363281249999997 2.4298828125 2.442491455078125 2.32998046875 
2.4425639648437496 2.431051025390625 2.44369189453125 2.442056396484375 2.4374802246093745 2.402997802734375 2.442539794921875 2.4356191406249996 2.4360380859374997 2.4298828125 2.44278955078125 2.418659912109375 2.4363281249999997 2.4298828125 2.442491455078125 2.32998046875 
2.4425639648437496 2.43105908203125 2.44369189453125 2.442064453125 2.4374802246093745 2.4029736328125 2.442539794921875 2.4356191406249996 2.4360380859374997 2.4298828125 2.44278955078125 2.418659912109375 2.4363281249999997 2.4298828125 2.442491455078125 2.32998046875 
2.442580078125 2.43105908203125 2.443699951171875 2.4420805664062497 2.43748828125 2.402949462890625 2.442523681640625 2.43563525390625 2.43602197265625 2.4298828125 2.44278955078125 2.418659912109375 2.4363281249999997 2.4298828125 2.442491455078125 2.32998046875 
2.442580078125 2.43104296875 2.443716064453125 2.442072509765625 2.4374802246093745 2.40292529296875 2.44249951171875 2.43563525390625 2.436005859375 2.4298828125 2.44278955078125 2.418659912109375 2.4363281249999997 2.4298828125 2.4424753417968748 2.32998046875 
2.442580078125 2.4310107421875 2.443716064453125 2.44212890625 2.43747216796875 2.40289306640625 2.44249951171875 2.43563525390625 2.43602197265625 2.4298828125 2.44278955078125 2.418659912109375 2.4363603515624996 2.4298828125 2.4424753417968748 2.32998046875 
2.442580078125 2.43099462890625 2.4437482910156247 2.4421127929687496 2.43747216796875 2.4028850097656247 2.44249951171875 2.43563525390625 2.436005859375 2.4298828125 2.44278955078125 2.418659912109375 2.4363603515624996 2.4298828125 2.4424753417968748 2.32998046875 
2.442580078125 2.4310026855468747 2.443764404296875 2.442088623046875 2.437464111328125 2.402876953125 2.4424833984374996 2.43563525390625 2.4359897460937496 2.4298828125 2.44278955078125 2.418659912109375 2.4363603515624996 2.4298828125 2.4424753417968748 2.32998046875 
2.442580078125 2.4310026855468747 2.4437563476562496 2.4420805664062497 2.4374560546875 2.40286083984375 2.4424833984374996 2.435659423828125 2.4359736328125 2.4298828125 2.44278955078125 2.41866796875 2.4363603515624996 2.4298828125 2.4424753417968748 2.32996435546875 
2.442580078125 2.43099462890625 2.4437482910156247 2.442040283203125 2.4374479980468746 2.402852783203125 2.4424833984374996 2.43568359375 2.4359575195312497 2.4298828125 2.44278955078125 2.41866796875 2.4363603515624996 2.4298828125 2.4424753417968748 2.32996435546875 
2.442580078125 2.4310026855468747 2.4437482910156247 2.44201611328125 2.437431884765625 2.402820556640625 2.4424833984374996 2.43568359375 2.43594140625 2.4298828125 2.44278955078125 2.41866796875 2.43634423828125 2.4298828125 2.4424753417968748 2.32996435546875 
2.4425639648437496 2.430970458984375 2.443732177734375 2.442024169921875 2.4374157714843747 2.40279638671875 2.4424833984374996 2.43568359375 2.43592529296875 2.4298828125 2.44278955078125 2.41866796875 2.43634423828125 2.4298828125 2.4424753417968748 2.32996435546875 
2.4425639648437496 2.4309462890625 2.4437482910156247 2.442056396484375 2.4374157714843747 2.4028044433593747 2.4424833984374996 2.43568359375 2.43592529296875 2.4298828125 2.442765380859375 2.41866796875 2.43634423828125 2.4298828125 2.4424753417968748 2.32996435546875 
2.4425639648437496 2.4309221191406247 2.4437724609375 2.442088623046875 2.437399658203125 2.402772216796875 2.44246728515625 2.4356997070312496 2.4359091796875 2.4298828125 2.442765380859375 2.41866796875 2.43634423828125 2.4298828125 2.4424753417968748 2.32996435546875 
2.4425639648437496 2.4309140625 2.4437563476562496 2.442136962890625 2.437399658203125 2.402739990234375 2.44246728515625 2.435723876953125 2.4359091796875 2.4298828125 2.4427412109374997 2.41866796875 2.43634423828125 2.4298828125 2.4424753417968748 2.32996435546875 
2.4425639648437496 2.430938232421875 2.4437563476562496 2.442136962890625 2.437399658203125 2.402707763671875 2.44243505859375 2.435739990234375 2.43589306640625 2.4298828125 2.4427412109374997 2.41866796875 2.43634423828125 2.4298828125 2.442443115234375 2.32996435546875 
2.4425881347656246 2.430970458984375 2.443740234375 2.442136962890625 2.4373916015625 2.402675537109375 2.44243505859375 2.43576416015625 2.4358769531249997 2.4298828125 2.4427412109374997 2.41866796875 2.43634423828125 2.4298828125 2.442443115234375 2.32996435546875 
2.4425881347656246 2.431018798828125 2.4437563476562496 2.44212890625 2.4373916015625 2.4026513671874996 2.44243505859375 2.4357802734375 2.43586083984375 2.4298828125 2.442708984375 2.418659912109375 2.43634423828125 2.4298828125 2.442443115234375 2.32996435546875 
2.4425881347656246 2.43105908203125 2.4437563476562496 2.4421127929687496 2.4373916015625 2.4026433105468747 2.44243505859375 2.4358044433593746 2.4358447265625 2.4298828125 2.442708984375 2.418659912109375 2.43634423828125 2.4298828125 2.442443115234375 2.32996435546875 
2.4425881347656246 2.4310832519531247 2.443740234375 2.4420966796875 2.437383544921875 2.4026191406249997 2.44243505859375 2.435820556640625 2.43582861328125 2.4298828125 2.442708984375 2.418659912109375 2.43634423828125 2.4298828125 2.442443115234375 2.32996435546875 
2.4425881347656246 2.43109130859375 2.4437724609375 2.44212890625 2.43737548828125 2.402594970703125 2.44243505859375 2.435820556640625 2.4358125 2.4298828125 2.442708984375 2.418659912109375 2.43634423828125 2.4298828125 2.442410888671875 2.32996435546875 
2.4425881347656246 2.4311074218749997 2.4438046875 2.4421450195312495 2.437359375 2.402578857421875 2.44243505859375 2.435820556640625 2.4358125 2.4298828125 2.442708984375 2.418659912109375 2.43634423828125 2.4298828125 2.442410888671875 2.32996435546875 
2.4425881347656246 2.4311396484374996 2.4438046875 2.44217724609375 2.437359375 2.402546630859375 2.44243505859375 2.435836669921875 2.4358125 2.4298828125 2.442708984375 2.418659912109375 2.43634423828125 2.4298828125 2.442394775390625 2.32996435546875 
2.4425881347656246 2.4311396484374996 2.4438369140625 2.44217724609375 2.43737548828125 2.402514404296875 2.44243505859375 2.435836669921875 2.43579638671875 2.4298828125 2.44269287109375 2.418659912109375 2.43634423828125 2.4298828125 2.442394775390625 2.32996435546875 
2.4425881347656246 2.4311396484374996 2.4438046875 2.44217724609375 2.43737548828125 2.402482177734375 2.44243505859375 2.435836669921875 2.4357802734375 2.4298828125 2.442708984375 2.418659912109375 2.43634423828125 2.4298828125 2.442394775390625 2.32996435546875 
2.4425881347656246 2.431171875 2.4438046875 2.4421611328124997 2.43737548828125 2.40247412109375 2.44243505859375 2.435836669921875 2.43576416015625 2.4298828125 2.442708984375 2.418659912109375 2.43634423828125 2.4298828125 2.442394775390625 2.32996435546875 
2.4425881347656246 2.431171875 2.4438046875 2.4421611328124997 2.43737548828125 2.40242578125 2.44243505859375 2.4358527832031247 2.435748046875 2.4298828125 2.4427412109374997 2.4186518554687497 2.43634423828125 2.4298828125 2.442394775390625 2.32996435546875 
2.442604248046875 2.431196044921875 2.4437724609375 2.4421611328124997 2.4373674316406246 2.402417724609375 2.4424511718749997 2.4358769531249997 2.43573193359375 2.4298828125 2.44275732421875 2.4186518554687497 2.43634423828125 2.4298828125 2.442394775390625 2.3299482421874997 
2.442604248046875 2.4312202148437496 2.44378857421875 2.4421611328124997 2.43737548828125 2.40240966796875 2.4424511718749997 2.43589306640625 2.4357158203125 2.4298828125 2.4427734375 2.4186518554687497 2.43634423828125 2.4298828125 2.442394775390625 2.3299482421874997 
2.442604248046875 2.431228271484375 2.4437563476562496 2.442153076171875 2.43737548828125 2.4023854980468746 2.44246728515625 2.43589306640625 2.4357158203125 2.4298828125 2.44278955078125 2.4186518554687497 2.43634423828125 2.4298828125 2.442394775390625 2.3299482421874997 
2.442604248046875 2.431228271484375 2.44378857421875 2.442153076171875 2.43737548828125 2.4023935546875 2.442491455078125 2.43589306640625 2.4357158203125 2.4298828125 2.44278955078125 2.4186518554687497 2.43634423828125 2.4298828125 2.4424028320312496 2.3299482421874997 
2.442604248046875 2.431308837890625 2.443780517578125 2.4421611328124997 2.43737548828125 2.4023935546875 2.4425559082031247 2.435933349609375 2.43568359375 2.4298828125 2.4428217773437497 2.41866796875 2.43634423828125 2.4298828125 2.4424189453125 2.3299482421874997 
2.442620361328125 2.431341064453125 2.44378857421875 2.44212890625 2.43737548828125 2.402401611328125 2.442572021484375 2.435949462890625 2.43568359375 2.4298828125 2.4428540039062496 2.41866796875 2.43634423828125 2.4298828125 2.4424511718749997 2.3299482421874997 
2.442620361328125 2.4313732910156247 2.4437563476562496 2.44212890625 2.4373674316406246 2.4023854980468746 2.4426123046875 2.435965576171875 2.4356674804687497 2.4298828125 2.4428701171875 2.41866796875 2.43634423828125 2.4298828125 2.44246728515625 2.3299482421874997 
2.442620361328125 2.4314055175781246 2.443732177734375 2.44212890625 2.437351318359375 2.4023774414062498 2.44262841796875 2.435965576171875 2.4356513671875 2.4298828125 2.442894287109375 2.41866796875 2.43634423828125 2.4298828125 2.4424753417968748 2.3299482421874997 
2.442620361328125 2.431421630859375 2.4437563476562496 2.442088623046875 2.437351318359375 2.402361328125 2.4426606445312498 2.435981689453125 2.4356513671875 2.4298828125 2.4429265136718747 2.41866796875 2.43634423828125 2.4298828125 2.4424753417968748 2.3299482421874997 
2.4426364746093747 2.4314296875 2.4437724609375 2.4420966796875 2.437351318359375 2.402369384765625 2.4426606445312498 2.435965576171875 2.4356513671875 2.4298828125 2.4429265136718747 2.41866796875 2.43634423828125 2.4298828125 2.4424753417968748 2.3299482421874997 
2.4426364746093747 2.4314619140625 2.44378857421875 2.4421047363281247 2.4373352050781247 2.402369384765625 2.4426687011718746 2.435965576171875 2.4356513671875 2.4298828125 2.442958740234375 2.41866796875 2.43634423828125 2.4298828125 2.442507568359375 2.3299482421874997 
2.442620361328125 2.4314619140625 2.4438046875 2.442072509765625 2.4373271484375 2.402369384765625 2.442684814453125 2.435965576171875 2.4356513671875 2.4298828125 2.442990966796875 2.41866796875 2.43634423828125 2.4298828125 2.442523681640625 2.3299482421874997 
2.442604248046875 2.4314619140625 2.4438369140625 2.442040283203125 2.4373271484375 2.402361328125 2.442700927734375 2.435965576171875 2.4356513671875 2.4298828125 2.443023193359375 2.41866796875 2.43634423828125 2.4298828125 2.4425559082031247 2.3299482421874997 
2.442604248046875 2.4314619140625 2.4438369140625 2.4420322265624996 2.4373352050781247 2.402361328125 2.4427170410156247 2.435965576171875 2.4356513671875 2.4298828125 2.4430393066406246 2.41866796875 2.43634423828125 2.4298828125 2.4425881347656246 2.3299482421874997 
2.442604248046875 2.431494140625 2.4438288574218747 2.44204833984375 2.437319091796875 2.4023532714843747 2.442733154296875 2.435949462890625 2.4356513671875 2.4298828125 2.443055419921875 2.41866796875 2.43634423828125 2.4298828125 2.442604248046875 2.3299482421874997 
2.442604248046875 2.4315263671875 2.4438369140625 2.44201611328125 2.437302978515625 2.4023532714843747 2.4427412109374997 2.435949462890625 2.4356513671875 2.4298828125 2.4430634765625 2.41866796875 2.43634423828125 2.4298828125 2.4426123046875 2.3299482421874997 
2.442604248046875 2.43154248046875 2.4438288574218747 2.442024169921875 2.437302978515625 2.402361328125 2.4427412109374997 2.4359736328125 2.4356513671875 2.4298828125 2.443071533203125 2.41866796875 2.43634423828125 2.4298828125 2.442620361328125 2.3299482421874997 
2.442604248046875 2.431550537109375 2.44382080078125 2.4420322265624996 2.4373110351562497 2.4023532714843747 2.4427492675781246 2.4359736328125 2.4356513671875 2.4298828125 2.443071533203125 2.41866796875 2.43634423828125 2.4298828125 2.442620361328125 2.3299482421874997 
2.442604248046875 2.4315585937499997 2.443869140625 2.4420322265624996 2.4373110351562497 2.4023532714843747 2.4427492675781246 2.4359575195312497 2.435659423828125 2.4298828125 2.443071533203125 2.41866796875 2.4363603515624996 2.4298828125 2.442620361328125 2.3299482421874997 
2.442604248046875 2.43157470703125 2.443869140625 2.44204833984375 2.437302978515625 2.4023532714843747 2.4427492675781246 2.4359575195312497 2.435643310546875 2.4298828125 2.443071533203125 2.41866796875 2.4363603515624996 2.4298828125 2.4426364746093747 2.3299482421874997 
2.442604248046875 2.43154248046875 2.4439013671875 2.442064453125 2.437302978515625 2.4023532714843747 2.4427492675781246 2.4359575195312497 2.435643310546875 2.4298828125 2.443071533203125 2.4186518554687497 2.4363603515624996 2.4298828125 2.4426364746093747 2.3299482421874997 
2.442604248046875 2.431566650390625 2.443893310546875 2.4421047363281247 2.4373110351562497 2.402361328125 2.4427492675781246 2.4359575195312497 2.435643310546875 2.4298828125 2.443071533203125 2.4186518554687497 2.4363603515624996 2.4298828125 2.4426364746093747 2.3299482421874997 
2.442604248046875 2.431598876953125 2.443893310546875 2.4421047363281247 2.437302978515625 2.402369384765625 2.4427492675781246 2.4359575195312497 2.435643310546875 2.4298828125 2.443071533203125 2.4186518554687497 2.4363603515624996 2.4298828125 2.4426364746093747 2.3299482421874997 
2.4425881347656246 2.431614990234375 2.44388525390625 2.4421047363281247 2.437302978515625 2.402361328125 2.4427492675781246 2.4359575195312497 2.435659423828125 2.4298828125 2.443071533203125 2.4186518554687497 2.4363603515624996 2.4298828125 2.4426364746093747 2.3299482421874997 
2.4425881347656246 2.431614990234375 2.443869140625 2.442072509765625 2.437286865234375 2.40234521484375 2.4427492675781246 2.43594140625 2.435659423828125 2.4298828125 2.443071533203125 2.4186518554687497 2.4363603515624996 2.4298828125 2.4426364746093747 2.3299482421874997 
2.4425881347656246 2.431614990234375 2.4438610839843746 2.4420805664062497 2.437286865234375 2.40234521484375 2.4427492675781246 2.435965576171875 2.435659423828125 2.4298828125 2.443071533203125 2.4186518554687497 2.4363603515624996 2.4298828125 2.4426364746093747 2.3299482421874997 
2.4425881347656246 2.431631103515625 2.44385302734375 2.442056396484375 2.43727880859375 2.4023291015625 2.4427492675781246 2.435965576171875 2.435659423828125 2.4298828125 2.443071533203125 2.4186518554687497 2.4363603515624996 2.4298828125 2.4426364746093747 2.3299482421874997 
2.4425881347656246 2.43160693359375 2.443877197265625 2.442024169921875 2.4372626953124996 2.4023532714843747 2.4427492675781246 2.435965576171875 2.435659423828125 2.4298828125 2.443071533203125 2.4186518554687497 2.4363603515624996 2.4298828125 2.442652587890625 2.3299482421874997 
2.4425881347656246 2.4315908203124996 2.4439094238281247 2.441991943359375 2.43724658203125 2.4023532714843747 2.4427492675781246 2.4359897460937496 2.435675537109375 2.4298828125 2.443071533203125 2.4186518554687497 2.43637646484375 2.4298828125 2.4426364746093747 2.3299482421874997 
2.442572021484375 2.4315827636718748 2.44394970703125 2.4419597167968745 2.4372304687499997 2.40234521484375 2.4427492675781246 2.4359897460937496 2.4356997070312496 2.4298828125 2.443071533203125 2.4186518554687497 2.436384521484375 2.4298828125 2.442652587890625 2.3299482421874997 
2.442572021484375 2.4315827636718748 2.44394970703125 2.4419597167968745 2.4372304687499997 2.4023532714843747 2.4427492675781246 2.4359897460937496 2.4357158203125 2.4298828125 2.443071533203125 2.4186518554687497 2.436384521484375 2.4298828125 2.442652587890625 2.3299482421874997 
2.442572021484375 2.431598876953125 2.44391748046875 2.4419274902343746 2.437222412109375 2.402361328125 2.4427492675781246 2.4359897460937496 2.4357158203125 2.4298828125 2.443071533203125 2.4186518554687497 2.436416748046875 2.4298828125 2.442652587890625 2.3299482421874997 
2.442572021484375 2.431623046875 2.44391748046875 2.441935546875 2.437222412109375 2.40234521484375 2.4427492675781246 2.4359897460937496 2.4357158203125 2.4298828125 2.443071533203125 2.4186518554687497 2.436448974609375 2.4298828125 2.442652587890625 2.3299482421874997 
2.442572021484375 2.431631103515625 2.443893310546875 2.4419033203125 2.43721435546875 2.402337158203125 2.4427492675781246 2.436005859375 2.43576416015625 2.4298828125 2.443071533203125 2.4186518554687497 2.436465087890625 2.4298828125 2.442652587890625 2.3299482421874997 
2.4425881347656246 2.431631103515625 2.4438610839843746 2.4419033203125 2.437222412109375 2.402321044921875 2.4427492675781246 2.436005859375 2.4357802734375 2.4298828125 2.443071533203125 2.4186518554687497 2.436481201171875 2.4298828125 2.442652587890625 2.3299482421874997 
2.4425881347656246 2.4316391601562497 2.44388525390625 2.44187109375 2.437238525390625 2.402321044921875 2.4427492675781246 2.436005859375 2.4358125 2.4298828125 2.443071533203125 2.4186518554687497 2.436481201171875 2.4298828125 2.4426687011718746 2.3299482421874997 
2.4425881347656246 2.431631103515625 2.44391748046875 2.4418469238281246 2.437238525390625 2.4023291015625 2.4427492675781246 2.436005859375 2.43582861328125 2.4298828125 2.443071533203125 2.4186518554687497 2.4365134277343747 2.4298828125 2.4426687011718746 2.3299482421874997 
2.442604248046875 2.431614990234375 2.443925537109375 2.441830810546875 2.437238525390625 2.40231298828125 2.4427492675781246 2.43602197265625 2.43586083984375 2.4298828125 2.443071533203125 2.4186518554687497 2.4365456542968746 2.4298828125 2.4426687011718746 2.3299482421874997 
2.442604248046875 2.431631103515625 2.4439335937499997 2.441830810546875 2.4372546386718748 2.4023291015625 2.4427492675781246 2.4360380859374997 2.43589306640625 2.4298828125 2.443071533203125 2.4186518554687497 2.4365859375 2.4298828125 2.4426687011718746 2.3299482421874997 
2.442580078125 2.431631103515625 2.4439416503906246 2.441830810546875 2.4372546386718748 2.4023291015625 2.442765380859375 2.4360380859374997 2.4359091796875 2.4298828125 2.443071533203125 2.4186518554687497 2.43660205078125 2.4298828125 2.4426687011718746 2.3299482421874997 
2.442580078125 2.4316633300781247 2.4439094238281247 2.441798583984375 2.437238525390625 2.402321044921875 2.442765380859375 2.4360380859374997 2.43594140625 2.4298828125 2.443071533203125 2.4186357421875 2.43663427734375 2.4298828125 2.4426687011718746 2.3299482421874997 
2.442580078125 2.43170361328125 2.4438610839843746 2.441782470703125 2.4372304687499997 2.402321044921875 2.442765380859375 2.4360380859374997 2.43594140625 2.4298828125 2.443071533203125 2.4186357421875 2.43663427734375 2.4298828125 2.4426687011718746 2.3299482421874997 
2.442580078125 2.431727783203125 2.4438369140625 2.441798583984375 2.4372304687499997 2.402321044921875 2.442765380859375 2.43605419921875 2.435949462890625 2.4298828125 2.443071533203125 2.4186357421875 2.43666650390625 2.4298828125 2.4426687011718746 2.3299482421874997 
2.442580078125 2.4317761230468746 2.4438610839843746 2.441766357421875 2.43721435546875 2.40231298828125 2.442765380859375 2.43605419921875 2.435965576171875 2.4298828125 2.443071533203125 2.4186357421875 2.4366987304687497 2.4298828125 2.4426687011718746 2.3299482421874997 
2.442580078125 2.431808349609375 2.4439094238281247 2.44179052734375 2.437206298828125 2.4023049316406246 2.442781494140625 2.4360703124999996 2.4359575195312497 2.4298828125 2.443071533203125 2.4186357421875 2.43671484375 2.4298828125 2.442684814453125 2.3299482421874997 
2.442580078125 2.4317761230468746 2.4439416503906246 2.44175830078125 2.4371982421875 2.4023049316406246 2.4427734375 2.43608642578125 2.435949462890625 2.4298828125 2.4430393066406246 2.4186357421875 2.4367470703125 2.4298828125 2.4426767578125 2.3299482421874997 
2.442580078125 2.4317761230468746 2.4439416503906246 2.4417421874999996 2.437190185546875 2.40231298828125 2.44278955078125 2.43608642578125 2.4359575195312497 2.4298828125 2.4430393066406246 2.4186357421875 2.43676318359375 2.4298828125 2.4426767578125 2.3299482421874997 
2.442580078125 2.43173583984375 2.4439738769531245 2.44172607421875 2.437190185546875 2.40231298828125 2.44278955078125 2.43608642578125 2.4359575195312497 2.4298828125 2.4430393066406246 2.4186357421875 2.436787353515625 2.4298828125 2.4426767578125 2.3299482421874997 
2.442580078125 2.4317197265625 2.443957763671875 2.4417099609374997 2.437190185546875 2.40231298828125 2.44278955078125 2.43608642578125 2.4359575195312497 2.4298828125 2.4430393066406246 2.4186357421875 2.4368115234374996 2.4298828125 2.44269287109375 2.3299482421874997 
2.442604248046875 2.4317197265625 2.44394970703125 2.441677734375 2.4371821289062496 2.4023049316406246 2.4428056640625 2.43608642578125 2.4359575195312497 2.4298828125 2.4430393066406246 2.4186357421875 2.436819580078125 2.4298828125 2.44269287109375 2.3299482421874997 
2.4425881347656246 2.43173583984375 2.4439335937499997 2.441685791015625 2.4371821289062496 2.4023291015625 2.4428056640625 2.43608642578125 2.4359575195312497 2.4298828125 2.4430393066406246 2.4186357421875 2.436819580078125 2.4298828125 2.44269287109375 2.3299482421874997 
2.4425881347656246 2.43173583984375 2.4439094238281247 2.4416616210937496 2.437222412109375 2.4023291015625 2.4428056640625 2.4361025390624995 2.4359575195312497 2.4298828125 2.4430393066406246 2.4186357421875 2.436819580078125 2.4298828125 2.44269287109375 2.3299482421874997 
2.442604248046875 2.431760009765625 2.4439013671875 2.44161328125 2.437222412109375 2.4023532714843747 2.4428056640625 2.436126708984375 2.4359736328125 2.4298828125 2.4430393066406246 2.4186357421875 2.436819580078125 2.4298828125 2.44269287109375 2.3299482421874997 
2.4425881347656246 2.431760009765625 2.4439416503906246 2.44161328125 2.437206298828125 2.402361328125 2.4428217773437497 2.436110595703125 2.4359736328125 2.4298828125 2.4430393066406246 2.4186357421875 2.436819580078125 2.4298828125 2.442708984375 2.3299482421874997 
2.442572021484375 2.431760009765625 2.443957763671875 2.44161328125 2.437206298828125 2.4023774414062498 2.4428217773437497 2.436110595703125 2.4359897460937496 2.4298828125 2.4430393066406246 2.41861962890625 2.436819580078125 2.4298828125 2.442708984375 2.3299482421874997 
2.4425559082031247 2.4317438964843747 2.443989990234375 2.441621337890625 2.4371982421875 2.4023854980468746 2.442837890625 2.436110595703125 2.436005859375 2.4298828125 2.4430393066406246 2.41861962890625 2.436819580078125 2.4298828125 2.442708984375 2.3299482421874997 
2.442539794921875 2.431727783203125 2.443989990234375 2.441589111328125 2.437190185546875 2.4023854980468746 2.442837890625 2.436110595703125 2.436005859375 2.4298828125 2.4430393066406246 2.41861962890625 2.436819580078125 2.4298828125 2.442708984375 2.3299482421874997 
2.4425559082031247 2.4317197265625 2.4439738769531245 2.441605224609375 2.437190185546875 2.4023854980468746 2.4428540039062496 2.4361025390624995 2.436005859375 2.4298828125 2.4430393066406246 2.41861962890625 2.436819580078125 2.4298828125 2.44272509765625 2.3299482421874997 
2.4425639648437496 2.4317438964843747 2.443989990234375 2.441572998046875 2.437190185546875 2.402401611328125 2.4428701171875 2.4361186523437497 2.436005859375 2.4298828125 2.4430393066406246 2.41861962890625 2.436819580078125 2.4298828125 2.4427412109374997 2.3299482421874997 
2.4425639648437496 2.4317841796875 2.4439658203125 2.44153271484375 2.4371821289062496 2.402401611328125 2.44288623046875 2.4361186523437497 2.436005859375 2.4298828125 2.4430393066406246 2.41861962890625 2.436819580078125 2.4298828125 2.44275732421875 2.3299482421874997 
2.442580078125 2.4318244628906247 2.444006103515625 2.4415246582031247 2.4371821289062496 2.402401611328125 2.4429023437499997 2.4361025390624995 2.436005859375 2.4298828125 2.4430393066406246 2.41861962890625 2.436819580078125 2.4298828125 2.4427734375 2.3299482421874997 
2.442580078125 2.4318566894531246 2.444038330078125 2.4415085449218745 2.4371821289062496 2.4023935546875 2.4429023437499997 2.4361025390624995 2.436005859375 2.4298828125 2.4430393066406246 2.41861962890625 2.436819580078125 2.4298828125 2.4427734375 2.3299482421874997 
2.442580078125 2.4318566894531246 2.444038330078125 2.4415085449218745 2.4371821289062496 2.4023854980468746 2.4429023437499997 2.4361025390624995 2.43602197265625 2.4298828125 2.4430393066406246 2.418603515625 2.436819580078125 2.4298828125 2.44278955078125 2.3299482421874997 
2.4425639648437496 2.431840576171875 2.444054443359375 2.4415488281249997 2.437190185546875 2.402369384765625 2.44291845703125 2.4361025390624995 2.43602197265625 2.4298828125 2.4430393066406246 2.418603515625 2.436819580078125 2.4298828125 2.4428056640625 2.3299482421874997 
2.4425478515625 2.4318486328124997 2.4440625 2.4415085449218745 2.4371821289062496 2.4023935546875 2.44291845703125 2.4361025390624995 2.436005859375 2.4298828125 2.4430393066406246 2.418603515625 2.436819580078125 2.4298828125 2.4428056640625 2.3299482421874997 
2.4425478515625 2.431840576171875 2.4440625 2.4415085449218745 2.4371821289062496 2.4023774414062498 2.4429345703124996 2.4361025390624995 2.436005859375 2.4298828125 2.443055419921875 2.418603515625 2.436819580078125 2.4298828125 2.4428217773437497 2.3299482421874997 
2.4425478515625 2.431808349609375 2.4440625 2.44150048828125 2.4371821289062496 2.4023774414062498 2.44295068359375 2.43608642578125 2.43602197265625 2.4298828125 2.443055419921875 2.418603515625 2.436819580078125 2.4298828125 2.4428217773437497 2.3299482421874997 
2.4425317382812497 2.431840576171875 2.4440463867187496 2.441484375 2.437190185546875 2.4023774414062498 2.44295068359375 2.43608642578125 2.4360380859374997 2.4298828125 2.443055419921875 2.418603515625 2.436819580078125 2.4298828125 2.4428217773437497 2.3299482421874997 
2.4425317382812497 2.4318486328124997 2.444022216796875 2.441427978515625 2.4371982421875 2.4023774414062498 2.44295068359375 2.43608642578125 2.43605419921875 2.4298828125 2.443055419921875 2.418603515625 2.436819580078125 2.4298828125 2.4428217773437497 2.3299482421874997 
2.4425156249999995 2.431872802734375 2.4440302734375 2.441427978515625 2.4371982421875 2.4023774414062498 2.4429667968749995 2.43608642578125 2.4360703124999996 2.4298828125 2.443055419921875 2.418603515625 2.436819580078125 2.4298828125 2.442837890625 2.3299482421874997 
2.44249951171875 2.43186474609375 2.4440625 2.44137158203125 2.4371982421875 2.4023774414062498 2.4429667968749995 2.43608642578125 2.4360703124999996 2.4298828125 2.443055419921875 2.418603515625 2.436819580078125 2.4298828125 2.4428540039062496 2.3299482421874997 
2.44249951171875 2.43186474609375 2.444054443359375 2.4413232421874995 2.437190185546875 2.402361328125 2.4429667968749995 2.4360703124999996 2.43608642578125 2.4298828125 2.443055419921875 2.418603515625 2.436819580078125 2.4298828125 2.4428701171875 2.3299482421874997 
2.4424833984374996 2.43183251953125 2.444086669921875 2.441331298828125 2.437190185546875 2.402361328125 2.4429667968749995 2.4360703124999996 2.43608642578125 2.4298828125 2.443055419921875 2.418603515625 2.436819580078125 2.4298828125 2.4428701171875 2.3299482421874997 
2.44246728515625 2.43181640625 2.44407861328125 2.4413635253906247 2.4371821289062496 2.402361328125 2.4429667968749995 2.436046142578125 2.4360703124999996 2.4298828125 2.443055419921875 2.418603515625 2.436819580078125 2.4298828125 2.4428701171875 2.3299482421874997 
2.4424753417968748 2.431808349609375 2.44407861328125 2.44135546875 2.4371821289062496 2.4023532714843747 2.4429667968749995 2.43605419921875 2.4360703124999996 2.4298828125 2.443055419921875 2.418603515625 2.436819580078125 2.4298828125 2.4428701171875 2.3299482421874997 
2.4424753417968748 2.43181640625 2.444070556640625 2.44130712890625 2.437166015625 2.4023532714843747 2.44298291015625 2.43605419921875 2.43608642578125 2.4298828125 2.443055419921875 2.418603515625 2.436819580078125 2.4298828125 2.4428701171875 2.3299482421874997 
2.4424753417968748 2.4318486328124997 2.444054443359375 2.441315185546875 2.437166015625 2.4023532714843747 2.4430070800781247 2.43605419921875 2.4361025390624995 2.4298828125 2.443055419921875 2.418603515625 2.436819580078125 2.4298828125 2.44288623046875 2.3299482421874997 
2.4424753417968748 2.4318889160156245 2.444022216796875 2.4412829589843748 2.437166015625 2.402361328125 2.4430070800781247 2.43602197265625 2.43608642578125 2.4298828125 2.443055419921875 2.418603515625 2.436787353515625 2.4298828125 2.44288623046875 2.3299482421874997 
2.442459228515625 2.431905029296875 2.443989990234375 2.4412910156249996 2.4371499023437497 2.4023532714843747 2.4430070800781247 2.43602197265625 2.4361025390624995 2.4298828125 2.443055419921875 2.418603515625 2.436787353515625 2.4298828125 2.44288623046875 2.3299482421874997 
2.442443115234375 2.431905029296875 2.444006103515625 2.4412829589843748 2.437157958984375 2.402337158203125 2.443023193359375 2.436005859375 2.4361025390624995 2.4298828125 2.443055419921875 2.418603515625 2.436787353515625 2.4298828125 2.44288623046875 2.3299482421874997 
2.442443115234375 2.4318889160156245 2.4440141601562497 2.44127490234375 2.4371499023437497 2.40234521484375 2.443023193359375 2.436005859375 2.4361186523437497 2.4298828125 2.443055419921875 2.41858740234375 2.436787353515625 2.4298828125 2.44288623046875 2.32996435546875 
2.442459228515625 2.431872802734375 2.443998046875 2.441266845703125 2.437141845703125 2.40234521484375 2.443023193359375 2.4359897460937496 2.436134765625 2.4298828125 2.443055419921875 2.41858740234375 2.436787353515625 2.4298828125 2.44288623046875 2.32996435546875 
2.442443115234375 2.431840576171875 2.4440302734375 2.441234619140625 2.437141845703125 2.40234521484375 2.443023193359375 2.4359897460937496 2.436134765625 2.4298828125 2.443055419921875 2.41858740234375 2.436803466796875 2.4298828125 2.44288623046875 2.32996435546875 
2.442459228515625 2.431840576171875 2.4440625 2.4412265625 2.437157958984375 2.40234521484375 2.443023193359375 2.4359897460937496 2.436134765625 2.4298828125 2.443055419921875 2.41858740234375 2.436803466796875 2.4298828125 2.44288623046875 2.32996435546875 
2.442459228515625 2.43186474609375 2.4440463867187496 2.441170166015625 2.437141845703125 2.4023291015625 2.443023193359375 2.4359897460937496 2.43615087890625 2.4298828125 2.44307958984375 2.41858740234375 2.436803466796875 2.4298828125 2.44288623046875 2.32996435546875 
2.442443115234375 2.431880859375 2.444022216796875 2.4411379394531245 2.437141845703125 2.402337158203125 2.4430393066406246 2.435965576171875 2.4361669921875 2.4298828125 2.44307958984375 2.41858740234375 2.436803466796875 2.4298828125 2.44288623046875 2.32996435546875 
2.442427001953125 2.431905029296875 2.444006103515625 2.4410734863281247 2.4371257324218747 2.40234521484375 2.4430393066406246 2.435949462890625 2.4361669921875 2.4298828125 2.443103759765625 2.41858740234375 2.436803466796875 2.4298828125 2.44288623046875 2.32996435546875 
2.442427001953125 2.43189697265625 2.444006103515625 2.441009033203125 2.4371096191406245 2.4023532714843747 2.443071533203125 2.435949462890625 2.43618310546875 2.4298828125 2.443103759765625 2.41858740234375 2.436803466796875 2.4298828125 2.44291845703125 2.32996435546875 
2.442427001953125 2.431880859375 2.444006103515625 2.440976806640625 2.4371015625 2.4023774414062498 2.443071533203125 2.435949462890625 2.43619921875 2.4298828125 2.443103759765625 2.41858740234375 2.436803466796875 2.4298828125 2.44291845703125 2.32996435546875 
2.442410888671875 2.431872802734375 2.4440141601562497 2.4409204101562496 2.4371015625 2.4023774414062498 2.443071533203125 2.435949462890625 2.43621533203125 2.4298828125 2.443135986328125 2.418595458984375 2.436803466796875 2.4298828125 2.44291845703125 2.32996435546875 
2.44243505859375 2.4318889160156245 2.4440463867187496 2.4409204101562496 2.4371015625 2.4023532714843747 2.443071533203125 2.435949462890625 2.4362314453125 2.4298828125 2.443135986328125 2.418595458984375 2.436803466796875 2.4298828125 2.44291845703125 2.32996435546875 
2.4424511718749997 2.4318889160156245 2.444054443359375 2.4409204101562496 2.4371096191406245 2.4023532714843747 2.443071533203125 2.435949462890625 2.4362475585937498 2.4298828125 2.443135986328125 2.418595458984375 2.436803466796875 2.4298828125 2.44291845703125 2.32996435546875 
2.4424511718749997 2.4319130859375 2.444038330078125 2.4408720703125 2.4371096191406245 2.4023532714843747 2.443071533203125 2.435933349609375 2.4362475585937498 2.4298828125 2.443135986328125 2.418595458984375 2.436803466796875 2.4298828125 2.44295068359375 2.32996435546875 
2.44243505859375 2.4320097656249997 2.4440141601562497 2.4407109375 2.437061279296875 2.4023774414062498 2.442910400390625 2.43579638671875 2.436392578125 2.42989892578125 2.442974853515625 2.418603515625 2.436803466796875 2.42989892578125 2.442894287109375 2.32999658203125 
2.44243505859375 2.432001708984375 2.4440141601562497 2.440686767578125 2.437061279296875 2.402401611328125 2.442894287109375 2.43579638671875 2.4364086914062497 2.42989892578125 2.44295068359375 2.418603515625 2.436803466796875 2.42989892578125 2.44288623046875 2.32999658203125 
2.44243505859375 2.4320097656249997 2.4440141601562497 2.440686767578125 2.437061279296875 2.402417724609375 2.442862060546875 2.43579638671875 2.4364086914062497 2.42989892578125 2.44291845703125 2.418603515625 2.436803466796875 2.42989892578125 2.44288623046875 2.32999658203125 
2.44243505859375 2.43202587890625 2.4440141601562497 2.440686767578125 2.4370773925781246 2.402417724609375 2.442862060546875 2.43579638671875 2.4364086914062497 2.42989892578125 2.44291845703125 2.418603515625 2.436803466796875 2.42989892578125 2.44288623046875 2.32999658203125 
2.4424511718749997 2.432017822265625 2.4440302734375 2.440686767578125 2.437093505859375 2.40242578125 2.4428540039062496 2.4357722167968747 2.4364086914062497 2.42989892578125 2.44288623046875 2.418603515625 2.436803466796875 2.42989892578125 2.4428540039062496 2.32999658203125 
2.4424833984374996 2.4320419921874996 2.444038330078125 2.4407270507812497 2.4371096191406245 2.40242578125 2.442837890625 2.435756103515625 2.4364086914062497 2.42989892578125 2.4428540039062496 2.418603515625 2.436803466796875 2.42989892578125 2.442837890625 2.32999658203125 
2.442507568359375 2.432066162109375 2.4440141601562497 2.440767333984375 2.4371015625 2.4024338378906247 2.4428217773437497 2.435739990234375 2.4364086914062497 2.42989892578125 2.4428217773437497 2.418603515625 2.436803466796875 2.42989892578125 2.4428056640625 2.32999658203125 
2.442523681640625 2.4320903320312497 2.4440141601562497 2.4407270507812497 2.43708544921875 2.402449951171875 2.4428056640625 2.435723876953125 2.4364248046875 2.42989892578125 2.4428056640625 2.418603515625 2.436803466796875 2.42989892578125 2.4427734375 2.32999658203125 
2.442507568359375 2.432082275390625 2.444022216796875 2.4407270507812497 2.4371257324218747 2.4024580078124997 2.44278955078125 2.435707763671875 2.4364248046875 2.42989892578125 2.44278955078125 2.418595458984375 2.436803466796875 2.42989892578125 2.44275732421875 2.32999658203125 
2.442507568359375 2.4320742187499995 2.444022216796875 2.4407351074218746 2.437141845703125 2.4024580078124997 2.442781494140625 2.435675537109375 2.4364248046875 2.42989892578125 2.442781494140625 2.418595458984375 2.436803466796875 2.42989892578125 2.4427492675781246 2.32999658203125 
2.442507568359375 2.432082275390625 2.4440625 2.440670654296875 2.4371257324218747 2.4024580078124997 2.442781494140625 2.435659423828125 2.4364248046875 2.42989892578125 2.4427734375 2.418595458984375 2.436803466796875 2.42989892578125 2.4427412109374997 2.32999658203125 
2.442507568359375 2.432082275390625 2.4440625 2.440670654296875 2.43711767578125 2.4024580078124997 2.4427734375 2.43563525390625 2.4364248046875 2.42989892578125 2.4427734375 2.418595458984375 2.436803466796875 2.42989892578125 2.4427412109374997 2.32999658203125 
2.442507568359375 2.432082275390625 2.4440625 2.440670654296875 2.43711767578125 2.4024580078124997 2.4427734375 2.4356191406249996 2.436400634765625 2.42989892578125 2.4427734375 2.41858740234375 2.436787353515625 2.42989892578125 2.4427412109374997 2.32999658203125 
2.4425156249999995 2.4320742187499995 2.4440625 2.440686767578125 2.43711767578125 2.4024580078124997 2.4427734375 2.435594970703125 2.436416748046875 2.42989892578125 2.4427734375 2.41858740234375 2.436787353515625 2.42989892578125 2.4427412109374997 2.32999658203125 
2.442523681640625 2.432098388671875 2.444038330078125 2.440686767578125 2.4371015625 2.402482177734375 2.4427734375 2.43557080078125 2.436416748046875 2.42989892578125 2.4427734375 2.41858740234375 2.436787353515625 2.42989892578125 2.4427412109374997 2.32999658203125 
2.442523681640625 2.4320903320312497 2.4440463867187496 2.4406464843749998 2.43708544921875 2.402490234375 2.4427734375 2.4355546875 2.436416748046875 2.42989892578125 2.4427734375 2.41858740234375 2.436787353515625 2.42989892578125 2.4427412109374997 2.32999658203125 
2.442523681640625 2.432082275390625 2.44407861328125 2.4406464843749998 2.43708544921875 2.402490234375 2.4427734375 2.4355224609375 2.436416748046875 2.42989892578125 2.4427734375 2.41858740234375 2.436787353515625 2.42989892578125 2.4427412109374997 2.32999658203125 
2.4425559082031247 2.4320742187499995 2.444086669921875 2.4406464843749998 2.43708544921875 2.402490234375 2.4427734375 2.4355063476562497 2.436416748046875 2.4298828125 2.4427734375 2.41858740234375 2.436787353515625 2.42989892578125 2.4427412109374997 2.32999658203125 
2.4425559082031247 2.432066162109375 2.444086669921875 2.44069482421875 2.437093505859375 2.402490234375 2.4427734375 2.435498291015625 2.436416748046875 2.42986669921875 2.4427734375 2.4185793457031246 2.436787353515625 2.42989892578125 2.4427412109374997 2.32999658203125 
2.4425559082031247 2.43205810546875 2.444102783203125 2.4406464843749998 2.4370773925781246 2.402482177734375 2.4427734375 2.435498291015625 2.436416748046875 2.42986669921875 2.4427734375 2.4185793457031246 2.436787353515625 2.42989892578125 2.4427412109374997 2.32999658203125 
2.4425559082031247 2.432066162109375 2.444102783203125 2.440670654296875 2.43708544921875 2.40247412109375 2.4427734375 2.4354821777343747 2.436416748046875 2.42986669921875 2.4427734375 2.4185793457031246 2.436787353515625 2.42989892578125 2.4427412109374997 2.32999658203125 
2.442572021484375 2.432082275390625 2.4441269531249996 2.4407028808593747 2.4371015625 2.4024580078124997 2.4427734375 2.4354660644531245 2.436416748046875 2.42986669921875 2.4427734375 2.4185793457031246 2.436787353515625 2.42989892578125 2.4427412109374997 2.32999658203125 
2.442580078125 2.4320903320312497 2.4440947265624997 2.4407351074218746 2.4371096191406245 2.4024580078124997 2.4427734375 2.435449951171875 2.436400634765625 2.42986669921875 2.4427734375 2.4185793457031246 2.436771240234375 2.42989892578125 2.44275732421875 2.32999658203125 
2.4426123046875 2.4321064453125 2.444086669921875 2.440783447265625 2.43711767578125 2.4024660644531246 2.4427734375 2.435417724609375 2.43637646484375 2.42986669921875 2.4427734375 2.4185793457031246 2.43676318359375 2.42989892578125 2.44275732421875 2.32999658203125 
2.442604248046875 2.432130615234375 2.44407861328125 2.440815673828125 2.43711767578125 2.4024580078124997 2.4427734375 2.4354016113281247 2.4363603515624996 2.42986669921875 2.4427734375 2.4185793457031246 2.43676318359375 2.42989892578125 2.44275732421875 2.32999658203125 
2.4425881347656246 2.43212255859375 2.44407861328125 2.44082373046875 2.4371257324218747 2.402449951171875 2.4427734375 2.43537744140625 2.4363603515624996 2.42986669921875 2.4427734375 2.4185793457031246 2.43673095703125 2.42989892578125 2.44275732421875 2.32999658203125 
2.4425639648437496 2.4321145019531247 2.4440947265624997 2.440775390625 2.4371096191406245 2.40244189453125 2.4427734375 2.43534521484375 2.4363603515624996 2.4298505859375 2.4427734375 2.4185712890624997 2.4366987304687497 2.42989892578125 2.44275732421875 2.32999658203125 
2.4425639648437496 2.432130615234375 2.4440947265624997 2.44082373046875 2.43711767578125 2.4024338378906247 2.4427734375 2.4353291015625 2.43631201171875 2.4298505859375 2.4427734375 2.41855517578125 2.4366826171875 2.42989892578125 2.44275732421875 2.32999658203125 
2.4425639648437496 2.43212255859375 2.44407861328125 2.44082373046875 2.4371015625 2.40244189453125 2.4427734375 2.4353210449218747 2.4362958984375 2.4298505859375 2.4427734375 2.41855517578125 2.43666650390625 2.42989892578125 2.44275732421875 2.32999658203125 
2.4425639648437496 2.43212255859375 2.4440625 2.44085595703125 2.4371015625 2.4024338378906247 2.4427734375 2.4352968749999997 2.436263671875 2.4298505859375 2.4427734375 2.41855517578125 2.43666650390625 2.42989892578125 2.44275732421875 2.32999658203125 
2.4426606445312498 2.432323974609375 2.444006103515625 2.4411057128906246 2.437141845703125 2.40240966796875 2.4427734375 2.4350310058593747 2.4361186523437497 2.4298344726562497 2.4427734375 2.4185390625 2.4363281249999997 2.42989892578125 2.44275732421875 2.3300288085937497 
2.4426687011718746 2.432372314453125 2.444022216796875 2.4411298828125 2.4371096191406245 2.40240966796875 2.4427734375 2.4350310058593747 2.4361186523437497 2.4298344726562497 2.4427734375 2.4185390625 2.4363281249999997 2.42989892578125 2.4427734375 2.3300288085937497 
2.4426687011718746 2.432396484375 2.444054443359375 2.441162109375 2.4371257324218747 2.4023854980468746 2.4427734375 2.4350310058593747 2.4361186523437497 2.4298344726562497 2.4427734375 2.41852294921875 2.4363281249999997 2.42989892578125 2.4427734375 2.3300288085937497 
2.442700927734375 2.432420654296875 2.444038330078125 2.441162109375 2.4371257324218747 2.4023854980468746 2.4427734375 2.4350310058593747 2.4361186523437497 2.4298344726562497 2.4427734375 2.41852294921875 2.4363281249999997 2.42989892578125 2.4427734375 2.3300288085937497 
2.442700927734375 2.432388427734375 2.444022216796875 2.441162109375 2.437141845703125 2.4023854980468746 2.4427734375 2.435047119140625 2.4361186523437497 2.4298505859375 2.4427734375 2.4185390625 2.4363281249999997 2.42989892578125 2.4427734375 2.3300610351562496 
2.4427492675781246 2.432396484375 2.443989990234375 2.4411782226562497 2.4371499023437497 2.4023854980468746 2.4427734375 2.435047119140625 2.4361186523437497 2.4298505859375 2.4427734375 2.41852294921875 2.4363281249999997 2.4298828125 2.4427734375 2.3300610351562496 
2.442765380859375 2.432436767578125 2.443989990234375 2.441202392578125 2.437166015625 2.402369384765625 2.4427734375 2.435047119140625 2.4361186523437497 2.4298505859375 2.4427734375 2.41852294921875 2.4363281249999997 2.4298828125 2.4427734375 2.3300610351562496 
2.442781494140625 2.4324931640624996 2.4439738769531245 2.441186279296875 2.437157958984375 2.402369384765625 2.4427734375 2.4350712890625 2.4361186523437497 2.4298505859375 2.4427734375 2.41852294921875 2.4363281249999997 2.4298828125 2.4427734375 2.3300610351562496 
2.4427734375 2.432525390625 2.4439738769531245 2.441218505859375 2.437174072265625 2.40234521484375 2.4427734375 2.4350712890625 2.436134765625 2.4298505859375 2.4427734375 2.41852294921875 2.4363281249999997 2.4298828125 2.4427734375 2.330044921875 
2.4428056640625 2.4325576171875 2.4439738769531245 2.441250732421875 2.437190185546875 2.402337158203125 2.4427734375 2.4350712890625 2.436134765625 2.4298505859375 2.4427734375 2.4185390625 2.4363281249999997 2.4298828125 2.4427734375 2.330044921875 
2.4428056640625 2.4325898437499998 2.4439416503906246 2.4412265625 2.437206298828125 2.4023291015625 2.4427734375 2.43508740234375 2.43615087890625 2.4298505859375 2.4427734375 2.41855517578125 2.4363281249999997 2.4298828125 2.4427734375 2.330044921875 
2.442837890625 2.432630126953125 2.4439416503906246 2.441250732421875 2.437206298828125 2.402337158203125 2.4427734375 2.43508740234375 2.43615087890625 2.4298505859375 2.4427734375 2.41855517578125 2.4363281249999997 2.4298828125 2.4427734375 2.330044921875 
2.4428217773437497 2.432630126953125 2.4439335937499997 2.441218505859375 2.43721435546875 2.402337158203125 2.4427734375 2.43508740234375 2.43615087890625 2.429858642578125 2.4427734375 2.418603515625 2.4363281249999997 2.4299150390624997 2.4427734375 2.3300771484375 
2.442845947265625 2.43270263671875 2.4439416503906246 2.441202392578125 2.43721435546875 2.4023532714843747 2.4427734375 2.43508740234375 2.43615087890625 2.429858642578125 2.4427734375 2.41861962890625 2.4363281249999997 2.4299150390624997 2.4427734375 2.3301093749999997 
2.442878173828125 2.432775146484375 2.443957763671875 2.44124267578125 2.4372304687499997 2.402337158203125 2.4427734375 2.43508740234375 2.4361669921875 2.429890869140625 2.4427734375 2.4186357421875 2.4363281249999997 2.4299472656249996 2.4427734375 2.3301416015624996 
2.44288623046875 2.4328315429687497 2.44391748046875 2.4412265625 2.4372304687499997 2.4023291015625 2.4427734375 2.43508740234375 2.4361669921875 2.429906982421875 2.4427734375 2.4186518554687497 2.4363281249999997 2.42996337890625 2.4427734375 2.33015771484375 
2.442910400390625 2.432887939453125 2.443869140625 2.441234619140625 2.437238525390625 2.40234521484375 2.4427734375 2.435103515625 2.4361669921875 2.429906982421875 2.4427734375 2.41866796875 2.4363281249999997 2.4299794921875 2.4427734375 2.33018994140625 
2.4429265136718747 2.432912109375 2.443869140625 2.441234619140625 2.437222412109375 2.40234521484375 2.4427734375 2.435103515625 2.43615087890625 2.429906982421875 2.4427734375 2.4186840820312496 2.4363281249999997 2.4299956054687497 2.4427734375 2.33022216796875 
2.4429265136718747 2.432912109375 2.443869140625 2.4412910156249996 2.437222412109375 2.4023532714843747 2.4427734375 2.435103515625 2.43615087890625 2.4299150390624997 2.4427734375 2.418692138671875 2.4363281249999997 2.430003662109375 2.4427734375 2.33023828125 
2.442942626953125 2.432912109375 2.443869140625 2.4412910156249996 2.4372626953124996 2.4023532714843747 2.4427734375 2.435103515625 2.43615087890625 2.4299150390624997 2.4427734375 2.418692138671875 2.4363281249999997 2.430003662109375 2.4427734375 2.33023828125 
2.442958740234375 2.432887939453125 2.44382080078125 2.441331298828125 2.4372626953124996 2.4023532714843747 2.4427734375 2.435103515625 2.4361669921875 2.4299472656249996 2.4427734375 2.418724365234375 2.4363281249999997 2.430035888671875 2.4427734375 2.33025439453125 
2.442958740234375 2.432912109375 2.443844970703125 2.4413957519531246 2.43727880859375 2.402369384765625 2.4427734375 2.4351357421874997 2.4361669921875 2.42996337890625 2.4427734375 2.4187565917968747 2.4363281249999997 2.430068115234375 2.4427734375 2.33028662109375 
2.4430070800781247 2.4329362792968747 2.4438369140625 2.441427978515625 2.4372949218749995 2.4023854980468746 2.4427734375 2.4351679687499996 2.4361669921875 2.4299956054687497 2.4427734375 2.41878076171875 2.4363281249999997 2.43009228515625 2.4427734375 2.3303188476562497 
2.44304736328125 2.4329443359375 2.44382080078125 2.44143603515625 2.4373110351562497 2.4023854980468746 2.4427734375 2.435208251953125 2.43618310546875 2.43001171875 2.4427734375 2.41881298828125 2.4363281249999997 2.4301083984375 2.4427734375 2.3303349609375 
2.44304736328125 2.4329443359375 2.44382080078125 2.441419921875 2.437302978515625 2.4023854980468746 2.4427734375 2.435256591796875 2.4361669921875 2.4300439453125 2.4427734375 2.418861328125 2.4363281249999997 2.430148681640625 2.4427734375 2.3303671875 
2.44304736328125 2.4329362792968747 2.443812744140625 2.4414521484375 2.4373110351562497 2.4023854980468746 2.4427734375 2.435272705078125 2.43615087890625 2.4300600585937495 2.4427734375 2.4188935546875 2.4363281249999997 2.4301809082031247 2.4427734375 2.3303994140624997 
2.443055419921875 2.432920166015625 2.443812744140625 2.4414521484375 2.4373271484375 2.4023774414062498 2.4427734375 2.4352807617187495 2.43615087890625 2.430068115234375 2.4427734375 2.4189177246093747 2.4363281249999997 2.4302131347656246 2.4427734375 2.3304316406249996 
2.4430634765625 2.432904052734375 2.443812744140625 2.441460205078125 2.437319091796875 2.402361328125 2.4427734375 2.43531298828125 2.43615087890625 2.4301003417968747 2.4427734375 2.4189499511718746 2.4363281249999997 2.4302453613281245 2.4427734375 2.3304638671875 
2.44307958984375 2.4328959960937495 2.4438288574218747 2.4414682617187498 2.4373271484375 2.402369384765625 2.4427734375 2.43534521484375 2.43615087890625 2.4301325683593746 2.4427734375 2.4189821777343745 2.4363281249999997 2.430277587890625 2.4427734375 2.33049609375 
2.443095703125 2.432912109375 2.4438369140625 2.4414682617187498 2.437319091796875 2.4023854980468746 2.4427734375 2.435369384765625 2.4361669921875 2.430148681640625 2.4427734375 2.419014404296875 2.4363281249999997 2.430309814453125 2.4427734375 2.330520263671875 
2.4431279296875 2.432920166015625 2.443812744140625 2.4414763183593746 2.4373352050781247 2.4023854980468746 2.4427734375 2.435369384765625 2.4361669921875 2.430164794921875 2.4427734375 2.419062744140625 2.4363281249999997 2.430333984375 2.4427734375 2.3305444335937495 
2.44314404296875 2.4329443359375 2.4438288574218747 2.4415166015625 2.43734326171875 2.4023854980468746 2.4427734375 2.43537744140625 2.43615087890625 2.4301728515625 2.4427734375 2.41907080078125 2.4363281249999997 2.43035009765625 2.4427734375 2.330568603515625 
